1.26703E+1   0.00000E+0
1.26783E+1   8.86273E-7
1.26864E+1   1.77255E-6
1.26944E+1   2.61082E-6
1.27025E+1   3.41289E-6
1.27105E+1   4.25678E-6
1.27185E+1   5.14306E-6
1.27266E+1   6.63530E-6
1.27346E+1   8.95305E-6
1.27426E+1   1.07698E-5
1.27507E+1   1.16561E-5
1.27587E+1   1.25191E-5
1.27668E+1   1.33211E-5
1.27748E+1   1.38493E-5
1.27828E+1   1.33041E-5
1.27909E+1   1.31309E-5
1.27989E+1   1.54487E-5
1.28070E+1   1.75234E-5
1.28150E+1   1.55467E-5
1.28230E+1   1.35700E-5
1.28311E+1   1.44084E-5
1.28391E+1   1.52946E-5
1.28471E+1   1.74068E-5
1.28552E+1   1.96404E-5
1.28632E+1   1.84222E-5
1.28713E+1   1.65297E-5
1.28793E+1   1.77863E-5
1.28873E+1   2.00199E-5
1.28954E+1   2.03364E-5
1.29034E+1   1.97912E-5
1.29115E+1   1.92460E-5
1.29195E+1   1.87008E-5
1.29275E+1   1.81556E-5
1.29356E+1   1.76104E-5
1.29436E+1   1.63926E-5
1.29516E+1   1.44159E-5
1.29597E+1   1.41421E-5
1.29677E+1   1.64598E-5
1.29758E+1   1.73897E-5
1.29838E+1   1.54131E-5
1.29918E+1   1.41516E-5
1.29999E+1   1.50379E-5
1.30079E+1   1.54189E-5
1.30160E+1   1.34422E-5
1.30240E+1   1.19085E-5
1.30320E+1   1.42263E-5
1.30401E+1   1.65013E-5
1.30481E+1   1.73876E-5
1.30561E+1   1.82739E-5
1.30642E+1   1.64219E-5
1.30722E+1   1.44452E-5
1.30803E+1   1.37327E-5
1.30883E+1   1.31875E-5
1.30963E+1   1.38015E-5
1.31044E+1   1.46877E-5
1.31124E+1   1.55120E-5
1.31205E+1   1.63141E-5
1.31285E+1   1.53294E-5
1.31365E+1   1.34370E-5
1.31446E+1   1.39778E-5
1.31526E+1   1.62113E-5
1.31607E+1   1.77491E-5
1.31687E+1   1.86354E-5
1.31767E+1   1.95217E-5
1.31848E+1   2.04079E-5
1.31928E+1   2.17923E-5
1.32008E+1   2.40259E-5
1.32089E+1   2.54359E-5
1.32169E+1   2.48907E-5
1.32250E+1   2.46647E-5
1.32330E+1   2.55510E-5
1.32410E+1   2.66515E-5
1.32491E+1   2.89693E-5
1.32571E+1   3.10685E-5
1.32652E+1   3.05233E-5
1.32732E+1   2.99864E-5
1.32812E+1   3.22199E-5
1.32893E+1   3.44535E-5
1.32973E+1   3.27730E-5
1.33053E+1   3.07963E-5
1.33134E+1   3.12712E-5
1.33214E+1   3.21575E-5
1.33295E+1   3.30438E-5
1.33375E+1   3.39300E-5
1.33455E+1   3.38005E-5
1.33536E+1   3.32553E-5
1.33616E+1   3.44781E-5
1.33697E+1   3.67117E-5
1.33777E+1   3.73810E-5
1.33857E+1   3.68358E-5
1.33938E+1   3.56310E-5
1.34018E+1   3.37385E-5
1.34098E+1   3.29676E-5
1.34179E+1   3.37697E-5
1.34259E+1   3.31569E-5
1.34340E+1   2.98330E-5
1.34420E+1   2.80071E-5
1.34500E+1   3.02407E-5
1.34581E+1   3.22099E-5
1.34661E+1   3.30961E-5
1.34742E+1   3.38065E-5
1.34822E+1   3.32613E-5
1.34902E+1   3.28579E-5
1.34983E+1   3.51757E-5
1.35063E+1   3.74934E-5
1.35143E+1   3.70164E-5
1.35224E+1   3.64712E-5
1.35304E+1   3.84348E-5
1.35385E+1   4.06683E-5
1.35465E+1   4.05969E-5
1.35545E+1   4.00517E-5
1.35626E+1   4.16713E-5
1.35706E+1   4.39891E-5
1.35787E+1   4.43520E-5
1.35867E+1   4.38068E-5
1.35947E+1   4.41340E-5
1.36028E+1   4.50203E-5
1.36108E+1   4.58614E-5
1.36188E+1   4.66635E-5
1.36269E+1   4.62185E-5
1.36349E+1   4.43261E-5
1.36430E+1   4.34830E-5
1.36510E+1   4.42850E-5
1.36590E+1   4.51137E-5
1.36671E+1   4.60000E-5
1.36751E+1   4.61913E-5
1.36832E+1   4.42146E-5
1.36912E+1   4.27230E-5
1.36992E+1   4.36092E-5
1.37073E+1   4.42205E-5
1.37153E+1   4.22438E-5
1.37233E+1   4.03647E-5
1.37314E+1   4.26825E-5
1.37394E+1   4.50002E-5
1.37475E+1   4.45999E-5
1.37555E+1   4.40547E-5
1.37635E+1   4.47635E-5
1.37716E+1   4.56498E-5
1.37796E+1   4.53871E-5
1.37877E+1   4.48419E-5
1.37957E+1   4.63233E-5
1.38037E+1   4.85569E-5
1.38118E+1   4.89675E-5
1.38198E+1   4.84223E-5
1.38279E+1   4.87112E-5
1.38359E+1   4.95975E-5
1.38439E+1   4.97547E-5
1.38520E+1   4.92095E-5
1.38600E+1   4.99125E-5
1.38680E+1   5.22302E-5
1.38761E+1   5.35097E-5
1.38841E+1   5.29645E-5
1.38922E+1   5.28091E-5
1.39002E+1   5.36112E-5
1.39082E+1   5.41223E-5
1.39163E+1   5.35771E-5
1.39243E+1   5.34402E-5
1.39324E+1   5.57579E-5
1.39404E+1   5.76791E-5
1.39484E+1   5.42709E-5
1.39565E+1   5.08628E-5
1.39645E+1   5.31572E-5
1.39725E+1   5.54749E-5
1.39806E+1   5.38307E-5
1.39886E+1   5.18541E-5
1.39967E+1   5.35243E-5
1.40047E+1   5.58421E-5
1.40127E+1   5.37172E-5
1.40208E+1   5.03090E-5
1.40288E+1   5.19293E-5
1.40369E+1   5.56785E-5
1.40449E+1   5.67256E-5
1.40529E+1   5.61804E-5
1.40610E+1   5.56352E-5
1.40690E+1   5.50900E-5
1.40770E+1   5.51949E-5
1.40851E+1   5.59970E-5
1.40931E+1   5.62478E-5
1.41012E+1   5.57026E-5
1.41092E+1   5.56381E-5
1.41172E+1   5.65244E-5
1.41253E+1   5.70349E-5
1.41333E+1   5.64897E-5
1.41414E+1   5.59445E-5
1.41494E+1   5.53993E-5
1.41574E+1   5.51857E-5
1.41655E+1   5.75034E-5
1.41735E+1   5.96996E-5
1.41815E+1   5.91544E-5
1.41896E+1   5.86092E-5
1.41976E+1   5.80640E-5
1.42057E+1   5.75188E-5
1.42137E+1   5.94627E-5
1.42217E+1   6.16963E-5
1.42298E+1   6.62844E-5
1.42378E+1   7.13809E-5
1.42459E+1   7.22512E-5
1.42539E+1   7.17060E-5
1.42619E+1   7.11608E-5
1.42700E+1   7.06156E-5
1.42780E+1   7.17951E-5
1.42860E+1   7.41128E-5
1.42941E+1   7.49159E-5
1.43021E+1   7.43707E-5
1.43102E+1   7.44779E-5
1.43182E+1   7.53641E-5
1.43262E+1   7.62182E-5
1.43343E+1   7.70203E-5
1.43423E+1   7.69897E-5
1.43504E+1   7.50972E-5
1.43584E+1   7.41772E-5
1.43664E+1   7.64107E-5
1.43745E+1   7.84255E-5
1.43825E+1   7.93118E-5
1.43905E+1   7.99433E-5
1.43986E+1   7.79666E-5
1.44066E+1   7.60796E-5
1.44147E+1   7.98288E-5
1.44227E+1   8.35780E-5
1.44307E+1   8.19317E-5
1.44388E+1   7.99550E-5
1.44468E+1   8.16368E-5
1.44549E+1   8.38704E-5
1.44629E+1   8.73098E-5
1.44709E+1   9.10591E-5
1.44790E+1   9.26796E-5
1.44870E+1   9.34817E-5
1.44950E+1   9.52673E-5
1.45031E+1   9.75851E-5
1.45111E+1   9.90789E-5
1.45192E+1   9.99651E-5
1.45272E+1   1.02247E-4
1.45352E+1   1.05912E-4
1.45433E+1   1.07157E-4
1.45513E+1   1.05181E-4
1.45594E+1   1.05240E-4
1.45674E+1   1.08989E-4
1.45754E+1   1.12311E-4
1.45835E+1   1.14544E-4
1.45915E+1   1.16496E-4
1.45996E+1   1.17383E-4
1.46076E+1   1.18463E-4
1.46156E+1   1.20781E-4
1.46237E+1   1.23004E-4
1.46317E+1   1.23806E-4
1.46397E+1   1.24608E-4
1.46478E+1   1.26909E-4
1.46558E+1   1.29227E-4
1.46639E+1   1.31467E-4
1.46719E+1   1.33701E-4
1.46799E+1   1.37211E-4
1.46880E+1   1.40960E-4
1.46960E+1   1.43544E-4
1.47041E+1   1.45778E-4
1.47121E+1   1.48070E-4
1.47201E+1   1.50387E-4
1.47282E+1   1.54434E-4
1.47362E+1   1.59530E-4
1.47442E+1   1.63102E-4
1.47523E+1   1.65420E-4
1.47603E+1   1.69059E-4
1.47684E+1   1.74155E-4
1.47764E+1   1.78100E-4
1.47844E+1   1.80334E-4
1.47925E+1   1.83509E-4
1.48005E+1   1.88605E-4
1.48086E+1   1.92992E-4
1.48166E+1   1.95310E-4
1.48246E+1   1.98133E-4
1.48327E+1   2.03230E-4
1.48407E+1   2.08024E-4
1.48487E+1   2.10342E-4
1.48568E+1   2.12806E-4
1.48648E+1   2.19249E-4
1.48729E+1   2.25693E-4
1.48809E+1   2.29545E-4
1.48889E+1   2.33294E-4
1.48970E+1   2.36968E-4
1.49050E+1   2.40633E-4
1.49131E+1   2.46633E-4
1.49211E+1   2.53161E-4
1.49291E+1   2.59689E-4
1.49372E+1   2.66217E-4
1.49452E+1   2.71787E-4
1.49532E+1   2.76884E-4
1.49613E+1   2.81980E-4
1.49693E+1   2.87077E-4
1.49774E+1   2.92920E-4
1.49854E+1   2.99448E-4
1.49934E+1   3.05976E-4
1.50015E+1   3.12504E-4
1.50095E+1   3.19032E-4
1.50176E+1   3.25560E-4
1.50256E+1   3.32495E-4
1.50336E+1   3.40370E-4
1.50417E+1   3.47302E-4
1.50497E+1   3.51052E-4
1.50577E+1   3.55441E-4
1.50658E+1   3.63317E-4
1.50738E+1   3.71081E-4
1.50819E+1   3.77609E-4
1.50899E+1   3.84125E-4
1.50979E+1   3.89222E-4
1.51060E+1   3.94318E-4
1.51140E+1   4.07368E-4
1.51221E+1   4.20969E-4
1.51301E+1   4.27241E-4
1.51381E+1   4.32337E-4
1.51462E+1   4.38562E-4
1.51542E+1   4.45090E-4
1.51622E+1   4.53666E-4
1.51703E+1   4.63057E-4
1.51783E+1   4.74231E-4
1.51864E+1   4.86401E-4
1.51944E+1   4.96943E-4
1.52024E+1   5.06250E-4
1.52105E+1   5.16265E-4
1.52185E+1   5.27003E-4
1.52266E+1   5.37741E-4
1.52346E+1   5.48480E-4
1.52426E+1   5.58249E-4
1.52507E+1   5.66209E-4
1.52587E+1   5.74562E-4
1.52668E+1   5.83953E-4
1.52748E+1   5.93616E-4
1.52828E+1   6.04354E-4
1.52909E+1   6.15092E-4
1.52989E+1   6.25830E-4
1.53069E+1   6.36490E-4
1.53150E+1   6.45796E-4
1.53230E+1   6.55103E-4
1.53311E+1   6.67220E-4
1.53391E+1   6.79390E-4
1.53471E+1   6.90336E-4
1.53552E+1   7.01158E-4
1.53632E+1   7.13106E-4
1.53713E+1   7.25275E-4
1.53793E+1   7.37445E-4
1.53873E+1   7.49615E-4
1.53954E+1   7.61784E-4
1.54034E+1   7.73954E-4
1.54114E+1   7.86952E-4
1.54195E+1   8.00469E-4
1.54275E+1   8.11751E-4
1.54356E+1   8.21142E-4
1.54436E+1   8.33136E-4
1.54516E+1   8.48084E-4
1.54597E+1   8.61935E-4
1.54677E+1   8.74104E-4
1.54758E+1   8.86735E-4
1.54838E+1   9.00336E-4
1.54918E+1   9.13937E-4
1.54999E+1   9.27538E-4
1.55079E+1   9.40638E-4
1.55159E+1   9.51376E-4
1.55240E+1   9.62405E-4
1.55320E+1   9.76007E-4
1.55401E+1   9.89608E-4
1.55481E+1   1.00321E-3
1.55561E+1   1.01681E-3
1.55642E+1   1.03170E-3
1.55722E+1   1.04665E-3
1.55803E+1   1.05914E-3
1.55883E+1   1.07131E-3
1.55963E+1   1.08696E-3
1.56044E+1   1.10342E-3
1.56124E+1   1.11982E-3
1.56204E+1   1.13620E-3
1.56285E+1   1.14701E-3
1.56365E+1   1.15497E-3
1.56446E+1   1.17036E-3
1.56526E+1   1.19095E-3
1.56606E+1   1.20647E-3
1.56687E+1   1.21720E-3
1.56767E+1   1.22798E-3
1.56848E+1   1.23880E-3
1.56928E+1   1.25273E-3
1.57008E+1   1.27197E-3
1.57089E+1   1.29079E-3
1.57169E+1   1.30860E-3
1.57249E+1   1.32516E-3
1.57330E+1   1.33733E-3
1.57410E+1   1.34929E-3
1.57491E+1   1.36003E-3
1.57571E+1   1.37129E-3
1.57651E+1   1.38911E-3
1.57732E+1   1.40691E-3
1.57812E+1   1.42329E-3
1.57893E+1   1.43967E-3
1.57973E+1   1.45348E-3
1.58053E+1   1.46708E-3
1.58134E+1   1.48068E-3
1.58214E+1   1.49428E-3
1.58294E+1   1.50893E-3
1.58375E+1   1.52388E-3
1.58455E+1   1.53889E-3
1.58536E+1   1.55392E-3
1.58616E+1   1.56890E-3
1.58696E+1   1.58385E-3
1.58777E+1   1.59884E-3
1.58857E+1   1.61388E-3
1.58938E+1   1.62957E-3
1.59018E+1   1.64595E-3
1.59098E+1   1.66117E-3
1.59179E+1   1.67478E-3
1.59259E+1   1.68838E-3
1.59339E+1   1.70198E-3
1.59420E+1   1.71594E-3
1.59500E+1   1.73089E-3
1.59581E+1   1.74503E-3
1.59661E+1   1.75586E-3
1.59741E+1   1.76701E-3
1.59822E+1   1.78052E-3
1.59902E+1   1.79397E-3
1.59983E+1   1.80614E-3
1.60063E+1   1.81831E-3
1.60143E+1   1.82917E-3
1.60224E+1   1.83999E-3
1.60304E+1   1.85324E-3
1.60385E+1   1.86676E-3
1.60465E+1   1.87686E-3
1.60545E+1   1.88625E-3
1.60626E+1   1.89774E-3
1.60706E+1   1.90991E-3
1.60786E+1   1.92305E-3
1.60867E+1   1.93666E-3
1.60947E+1   1.94939E-3
1.61028E+1   1.96156E-3
1.61108E+1   1.97373E-3
1.61188E+1   1.98590E-3
1.61269E+1   1.99935E-3
1.61349E+1   2.01430E-3
1.61430E+1   2.02709E-3
1.61510E+1   2.03648E-3
1.61590E+1   2.04494E-3
1.61671E+1   2.05139E-3
1.61751E+1   2.05753E-3
1.61831E+1   2.06271E-3
1.61912E+1   2.07001E-3
1.61992E+1   2.08782E-3
1.62073E+1   2.10522E-3
1.62153E+1   2.11874E-3
1.62233E+1   2.13196E-3
1.62314E+1   2.13141E-3
1.62394E+1   2.13087E-3
1.62475E+1   2.14238E-3
1.62555E+1   2.15455E-3
1.62635E+1   2.16429E-3
1.62716E+1   2.17368E-3
1.62796E+1   2.18529E-3
1.62876E+1   2.19746E-3
1.62957E+1   2.20344E-3
1.63037E+1   2.20711E-3
1.63118E+1   2.21452E-3
1.63198E+1   2.22391E-3
1.63278E+1   2.23081E-3
1.63359E+1   2.23590E-3
1.63439E+1   2.23955E-3
1.63520E+1   2.24178E-3
1.63600E+1   2.24774E-3
1.63680E+1   2.25857E-3
1.63761E+1   2.26781E-3
1.63841E+1   2.27425E-3
1.63921E+1   2.28113E-3
1.64002E+1   2.28909E-3
1.64082E+1   2.29584E-3
1.64163E+1   2.29816E-3
1.64243E+1   2.30087E-3
1.64323E+1   2.30596E-3
1.64404E+1   2.31106E-3
1.64484E+1   2.31616E-3
1.64565E+1   2.32125E-3
1.64645E+1   2.32350E-3
1.64725E+1   2.32574E-3
1.64806E+1   2.33193E-3
1.64886E+1   2.33845E-3
1.64966E+1   2.34020E-3
1.65047E+1   2.34109E-3
1.65127E+1   2.34523E-3
1.65208E+1   2.35033E-3
1.65288E+1   2.35448E-3
1.65368E+1   2.35823E-3
1.65449E+1   2.36103E-3
1.65529E+1   2.36326E-3
1.65610E+1   2.36475E-3
1.65690E+1   2.36563E-3
1.65770E+1   2.36855E-3
1.65851E+1   2.37364E-3
1.65931E+1   2.37644E-3
1.66011E+1   2.37589E-3
1.66092E+1   2.37723E-3
1.66172E+1   2.38233E-3
1.66253E+1   2.38523E-3
1.66333E+1   2.38191E-3
1.66413E+1   2.37883E-3
1.66494E+1   2.37686E-3
1.66574E+1   2.37505E-3
1.66655E+1   2.37450E-3
1.66735E+1   2.37407E-3
1.66815E+1   2.37630E-3
1.66896E+1   2.37854E-3
1.66976E+1   2.38224E-3
1.67057E+1   2.38598E-3
1.67137E+1   2.38085E-3
1.67217E+1   2.37466E-3
1.67298E+1   2.38002E-3
1.67378E+1   2.38789E-3
1.67458E+1   2.38419E-3
1.67539E+1   2.37657E-3
1.67619E+1   2.37281E-3
1.67700E+1   2.37092E-3
1.67780E+1   2.36983E-3
1.67860E+1   2.36929E-3
1.67941E+1   2.36723E-3
1.68021E+1   2.36383E-3
1.68102E+1   2.36107E-3
1.68182E+1   2.35909E-3
1.68262E+1   2.35711E-3
1.68343E+1   2.35514E-3
1.68423E+1   2.35404E-3
1.68503E+1   2.35493E-3
1.68584E+1   2.35449E-3
1.68664E+1   2.34974E-3
1.68745E+1   2.34566E-3
1.68825E+1   2.34511E-3
1.68905E+1   2.34395E-3
1.68986E+1   2.33633E-3
1.69066E+1   2.32877E-3
1.69147E+1   2.32536E-3
1.69227E+1   2.32196E-3
1.69307E+1   2.31863E-3
1.69388E+1   2.31530E-3
1.69468E+1   2.30950E-3
1.69548E+1   2.30331E-3
1.69629E+1   2.30381E-3
1.69709E+1   2.30604E-3
1.69790E+1   2.30324E-3
1.69870E+1   2.29848E-3
1.69950E+1   2.29187E-3
1.70031E+1   2.28426E-3
1.70111E+1   2.27910E-3
1.70192E+1   2.27578E-3
1.70272E+1   2.27098E-3
1.70352E+1   2.26471E-3
1.70433E+1   2.26031E-3
1.70513E+1   2.25842E-3
1.70593E+1   2.25500E-3
1.70674E+1   2.24882E-3
1.70754E+1   2.24341E-3
1.70835E+1   2.24000E-3
1.70915E+1   2.23485E-3
1.70995E+1   2.22302E-3
1.71076E+1   2.21232E-3
1.71156E+1   2.20891E-3
1.71237E+1   2.20525E-3
1.71317E+1   2.19763E-3
1.71397E+1   2.19001E-3
1.71478E+1   2.19220E-3
1.71558E+1   2.19452E-3
1.71638E+1   2.18514E-3
1.71719E+1   2.17466E-3
1.71799E+1   2.16545E-3
1.71880E+1   2.15649E-3
1.71960E+1   2.15069E-3
1.72040E+1   2.14585E-3
1.72121E+1   2.14399E-3
1.72201E+1   2.14344E-3
1.72282E+1   2.13501E-3
1.72362E+1   2.12174E-3
1.72442E+1   2.11471E-3
1.72523E+1   2.11281E-3
1.72603E+1   2.10753E-3
1.72683E+1   2.09848E-3
1.72764E+1   2.09226E-3
1.72844E+1   2.09029E-3
1.72925E+1   2.08555E-3
1.73005E+1   2.07516E-3
1.73085E+1   2.06617E-3
1.73166E+1   2.06133E-3
1.73246E+1   2.05497E-3
1.73327E+1   2.04171E-3
1.73407E+1   2.02936E-3
1.73487E+1   2.02461E-3
1.73568E+1   2.01999E-3
1.73648E+1   2.01945E-3
1.73728E+1   2.01890E-3
1.73809E+1   2.00615E-3
1.73889E+1   1.99289E-3
1.73970E+1   1.98217E-3
1.74050E+1   1.97177E-3
1.74130E+1   1.96822E-3
1.74211E+1   1.96625E-3
1.74291E+1   1.95903E-3
1.74372E+1   1.94998E-3
1.74452E+1   1.94004E-3
1.74532E+1   1.92964E-3
1.74613E+1   1.92254E-3
1.74693E+1   1.91770E-3
1.74774E+1   1.91146E-3
1.74854E+1   1.90393E-3
1.74934E+1   1.89699E-3
1.75015E+1   1.89081E-3
1.75095E+1   1.88301E-3
1.75175E+1   1.87253E-3
1.75256E+1   1.86377E-3
1.75336E+1   1.85902E-3
1.75417E+1   1.85394E-3
1.75497E+1   1.84775E-3
1.75577E+1   1.84112E-3
1.75658E+1   1.83207E-3
1.75738E+1   1.82314E-3
1.75819E+1   1.81552E-3
1.75899E+1   1.80786E-3
1.75979E+1   1.79460E-3
1.76060E+1   1.78134E-3
1.76140E+1   1.77075E-3
1.76220E+1   1.76036E-3
1.76301E+1   1.75235E-3
1.76381E+1   1.74473E-3
1.76462E+1   1.73930E-3
1.76542E+1   1.73446E-3
1.76622E+1   1.72770E-3
1.76703E+1   1.72016E-3
1.76783E+1   1.71074E-3
1.76864E+1   1.70026E-3
1.76944E+1   1.68821E-3
1.77024E+1   1.67495E-3
1.77105E+1   1.66726E-3
1.77185E+1   1.66528E-3
1.77265E+1   1.65916E-3
1.77346E+1   1.64733E-3
1.77426E+1   1.63647E-3
1.77507E+1   1.62742E-3
1.77587E+1   1.61839E-3
1.77667E+1   1.60943E-3
1.77748E+1   1.60016E-3
1.77828E+1   1.58968E-3
1.77909E+1   1.57939E-3
1.77989E+1   1.57042E-3
1.78069E+1   1.56137E-3
1.78150E+1   1.55089E-3
1.78230E+1   1.54041E-3
1.78310E+1   1.53414E-3
1.78391E+1   1.52795E-3
1.78471E+1   1.52047E-3
1.78552E+1   1.51285E-3
1.78632E+1   1.49821E-3
1.78712E+1   1.48217E-3
1.78793E+1   1.47145E-3
1.78873E+1   1.46240E-3
1.78954E+1   1.45630E-3
1.79034E+1   1.45154E-3
1.79114E+1   1.44157E-3
1.79195E+1   1.42831E-3
1.79275E+1   1.42114E-3
1.79355E+1   1.41917E-3
1.79436E+1   1.41192E-3
1.79516E+1   1.39866E-3
1.79597E+1   1.38540E-3
1.79677E+1   1.37214E-3
1.79757E+1   1.36161E-3
1.79838E+1   1.35685E-3
1.79918E+1   1.34858E-3
1.79999E+1   1.32960E-3
1.80079E+1   1.31235E-3
1.80159E+1   1.30338E-3
1.80240E+1   1.29455E-3
1.80320E+1   1.28693E-3
1.80400E+1   1.27928E-3
1.80481E+1   1.27023E-3
1.80561E+1   1.26118E-3
1.80642E+1   1.25221E-3
1.80722E+1   1.24324E-3
1.80802E+1   1.23294E-3
1.80883E+1   1.22246E-3
1.80963E+1   1.21545E-3
1.81044E+1   1.20926E-3
1.81124E+1   1.19788E-3
1.81204E+1   1.18462E-3
1.81285E+1   1.17509E-3
1.81365E+1   1.16747E-3
1.81446E+1   1.15654E-3
1.81526E+1   1.14328E-3
1.81606E+1   1.13365E-3
1.81687E+1   1.12746E-3
1.81767E+1   1.11943E-3
1.81847E+1   1.10903E-3
1.81928E+1   1.09758E-3
1.82008E+1   1.08432E-3
1.82089E+1   1.07230E-3
1.82169E+1   1.06325E-3
1.82249E+1   1.05359E-3
1.82330E+1   1.04176E-3
1.82410E+1   1.03034E-3
1.82491E+1   1.02129E-3
1.82571E+1   1.01245E-3
1.82651E+1   1.00626E-3
1.82732E+1   1.00007E-3
1.82812E+1   9.86812E-4
1.82892E+1   9.73552E-4
1.82973E+1   9.65520E-4
1.83053E+1   9.57902E-4
1.83134E+1   9.47912E-4
1.83214E+1   9.37515E-4
1.83294E+1   9.28169E-4
1.83375E+1   9.19119E-4
1.83455E+1   9.07094E-4
1.83536E+1   8.93834E-4
1.83616E+1   8.85960E-4
1.83696E+1   8.81204E-4
1.83777E+1   8.73243E-4
1.83857E+1   8.62761E-4
1.83937E+1   8.52321E-4
1.84018E+1   8.41924E-4
1.84098E+1   8.30935E-4
1.84179E+1   8.19107E-4
1.84259E+1   8.09654E-4
1.84339E+1   8.04814E-4
1.84420E+1   7.97348E-4
1.84500E+1   7.82657E-4
1.84581E+1   7.69609E-4
1.84661E+1   7.63422E-4
1.84741E+1   7.57063E-4
1.84822E+1   7.49445E-4
1.84902E+1   7.41697E-4
1.84982E+1   7.31300E-4
1.85063E+1   7.20903E-4
1.85143E+1   7.14603E-4
1.85224E+1   7.08416E-4
1.85304E+1   6.95865E-4
1.85384E+1   6.82605E-4
1.85465E+1   6.76374E-4
1.85545E+1   6.71618E-4
1.85626E+1   6.65785E-4
1.85706E+1   6.59598E-4
1.85786E+1   6.52438E-4
1.85867E+1   6.44820E-4
1.85947E+1   6.35465E-4
1.86027E+1   6.24984E-4
1.86108E+1   6.16792E-4
1.86188E+1   6.10605E-4
1.86269E+1   6.02482E-4
1.86349E+1   5.92085E-4
1.86429E+1   5.82762E-4
1.86510E+1   5.75143E-4
1.86590E+1   5.67973E-4
1.86671E+1   5.61786E-4
1.86751E+1   5.55256E-4
1.86831E+1   5.47638E-4
1.86912E+1   5.40258E-4
1.86992E+1   5.34071E-4
1.87072E+1   5.27751E-4
1.87153E+1   5.20132E-4
1.87233E+1   5.12514E-4
1.87314E+1   5.04896E-4
1.87394E+1   4.97277E-4
1.87474E+1   4.96353E-4
1.87555E+1   4.95808E-4
1.87635E+1   4.92763E-4
1.87716E+1   4.89355E-4
1.87796E+1   4.81502E-4
1.87876E+1   4.72537E-4
1.87957E+1   4.65590E-4
1.88037E+1   4.59403E-4
1.88117E+1   4.53161E-4
1.88198E+1   4.46890E-4
1.88278E+1   4.43938E-4
1.88359E+1   4.43393E-4
1.88439E+1   4.38584E-4
1.88519E+1   4.29618E-4
1.88600E+1   4.21236E-4
1.88680E+1   4.13618E-4
1.88761E+1   4.08028E-4
1.88841E+1   4.06052E-4
1.88921E+1   4.04485E-4
1.89002E+1   4.03940E-4
1.89082E+1   4.01888E-4
1.89163E+1   3.94270E-4
1.89243E+1   3.87051E-4
1.89323E+1   3.82296E-4
1.89404E+1   3.77445E-4
1.89484E+1   3.71258E-4
1.89564E+1   3.65072E-4
1.89645E+1   3.60222E-4
1.89725E+1   3.55383E-4
1.89806E+1   3.51937E-4
1.89886E+1   3.48613E-4
1.89966E+1   3.46429E-4
1.90047E+1   3.44453E-4
1.90127E+1   3.38115E-4
1.90208E+1   3.30497E-4
1.90288E+1   3.27827E-4
1.90368E+1   3.27282E-4
1.90449E+1   3.23204E-4
1.90529E+1   3.17017E-4
1.90609E+1   3.11621E-4
1.90690E+1   3.06866E-4
1.90770E+1   3.03443E-4
1.90851E+1   3.01466E-4
1.90931E+1   2.97198E-4
1.91011E+1   2.89580E-4
1.91092E+1   2.83391E-4
1.91172E+1   2.80067E-4
1.91253E+1   2.75978E-4
1.91333E+1   2.69707E-4
1.91413E+1   2.64251E-4
1.91494E+1   2.62358E-4
1.91574E+1   2.59335E-4
1.91654E+1   2.47423E-4
1.91735E+1   2.36294E-4
1.91815E+1   2.44254E-4
1.91896E+1   2.52213E-4
1.91976E+1   2.51956E-4
1.92056E+1   2.51411E-4
1.92137E+1   2.44551E-4
1.92217E+1   2.36932E-4
1.92298E+1   2.38629E-4
1.92378E+1   2.42378E-4
1.92458E+1   2.36578E-4
1.92539E+1   2.27528E-4
1.92619E+1   2.26070E-4
1.92699E+1   2.28303E-4
1.92780E+1   2.28871E-4
1.92860E+1   2.28326E-4
1.92941E+1   2.23351E-4
1.93021E+1   2.14385E-4
1.93101E+1   2.09232E-4
1.93182E+1   2.08687E-4
1.93262E+1   2.09196E-4
1.93343E+1   2.11429E-4
1.93423E+1   2.11962E-4
1.93503E+1   2.08638E-4
1.93584E+1   2.04315E-4
1.93664E+1   1.96696E-4
1.93744E+1   1.90876E-4
1.93825E+1   1.94541E-4
1.93905E+1   1.97236E-4
1.93986E+1   1.89617E-4
1.94066E+1   1.82053E-4
1.94146E+1   1.78729E-4
1.94227E+1   1.75405E-4
1.94307E+1   1.70658E-4
1.94388E+1   1.65818E-4
1.94468E+1   1.65937E-4
1.94548E+1   1.66823E-4
1.94629E+1   1.65440E-4
1.94709E+1   1.63464E-4
1.94789E+1   1.59488E-4
1.94870E+1   1.54733E-4
1.94950E+1   1.54546E-4
1.95031E+1   1.56864E-4
1.95111E+1   1.55083E-4
1.95191E+1   1.50244E-4
1.95272E+1   1.47548E-4
1.95352E+1   1.47003E-4
1.95433E+1   1.45884E-4
1.95513E+1   1.43991E-4
1.95593E+1   1.42069E-4
1.95674E+1   1.40093E-4
1.95754E+1   1.38516E-4
1.95834E+1   1.37970E-4
1.95915E+1   1.37131E-4
1.95995E+1   1.35154E-4
1.96076E+1   1.33177E-4
1.96156E+1   1.31201E-4
1.96236E+1   1.29224E-4
1.96317E+1   1.27247E-4
1.96397E+1   1.25271E-4
1.96478E+1   1.21966E-4
1.96558E+1   1.18642E-4
1.96638E+1   1.24308E-4
1.96719E+1   1.30836E-4
1.96799E+1   1.27824E-4
1.96880E+1   1.22985E-4
1.96960E+1   1.18210E-4
1.97040E+1   1.13454E-4
1.97121E+1   1.13597E-4
1.97201E+1   1.15915E-4
1.97281E+1   1.12967E-4
1.97362E+1   1.06780E-4
1.97442E+1   1.03672E-4
1.97523E+1   1.03127E-4
1.97603E+1   1.01905E-4
1.97683E+1   9.99288E-5
1.97764E+1   9.73808E-5
1.97844E+1   9.39727E-5
1.97925E+1   9.05920E-5
1.98005E+1   8.72680E-5
1.98085E+1   8.57083E-5
1.98166E+1   8.93733E-5
1.98246E+1   9.22843E-5
1.98326E+1   9.17391E-5
1.98407E+1   9.04460E-5
1.98487E+1   8.28276E-5
1.98568E+1   7.55312E-5
1.98648E+1   7.78489E-5
1.98728E+1   8.01667E-5
1.98809E+1   8.10308E-5
1.98889E+1   8.18329E-5
1.98970E+1   8.02484E-5
1.99050E+1   7.83559E-5
1.99130E+1   7.86524E-5
1.99211E+1   7.94545E-5
1.99291E+1   7.82652E-5
1.99371E+1   7.63727E-5
1.99452E+1   7.81798E-5
1.99532E+1   8.18448E-5
1.99613E+1   8.30159E-5
1.99693E+1   8.24707E-5
1.99773E+1   8.41106E-5
1.99854E+1   8.77756E-5
1.99934E+1   8.70501E-5
2.00015E+1   8.08632E-5
2.00095E+1   7.67768E-5
2.00175E+1   7.62316E-5
2.00256E+1   7.56864E-5
2.00336E+1   7.51412E-5
2.00416E+1   7.45960E-5
2.00497E+1   7.40508E-5
2.00577E+1   7.32876E-5
2.00658E+1   7.13110E-5
2.00738E+1   6.93409E-5
2.00818E+1   6.74485E-5
2.00899E+1   6.55711E-5
2.00979E+1   6.63731E-5
2.01060E+1   6.71752E-5
2.01140E+1   6.41308E-5
2.01220E+1   6.08069E-5
2.01301E+1   5.98696E-5
2.01381E+1   5.93244E-5
2.01461E+1   5.76547E-5
2.01542E+1   5.56780E-5
2.01622E+1   5.77195E-5
2.01703E+1   6.13845E-5
2.01783E+1   5.96699E-5
2.01863E+1   5.49145E-5
2.01944E+1   5.57306E-5
2.02024E+1   6.08271E-5
2.02105E+1   6.17791E-5
2.02185E+1   5.84552E-5
2.02265E+1   5.86581E-5
2.02346E+1   6.37546E-5
2.02426E+1   6.64073E-5
2.02506E+1   6.44306E-5
2.02587E+1   6.28436E-5
2.02667E+1   6.22984E-5
2.02748E+1   6.20378E-5
2.02828E+1   6.29240E-5
2.02908E+1   6.46872E-5
2.02989E+1   7.25625E-5
2.03069E+1   7.94105E-5
2.03150E+1   6.75819E-5
2.03230E+1   5.57534E-5
2.03310E+1   5.91722E-5
2.03391E+1   6.29214E-5
2.03471E+1   6.40021E-5
2.03552E+1   6.48042E-5
2.03632E+1   6.21730E-5
2.03712E+1   5.88490E-5
2.03793E+1   5.76335E-5
2.03873E+1   5.70883E-5
2.03953E+1   5.84477E-5
2.04034E+1   6.06812E-5
2.04114E+1   6.03894E-5
2.04195E+1   5.84969E-5
2.04275E+1   5.80560E-5
2.04355E+1   5.88581E-5
2.04436E+1   6.03656E-5
2.04516E+1   6.26833E-5
2.04597E+1   6.11057E-5
2.04677E+1   5.34873E-5
2.04757E+1   4.81232E-5
2.04838E+1   4.75780E-5
2.04918E+1   4.70328E-5
2.04998E+1   4.64876E-5
2.05079E+1   4.54499E-5
2.05159E+1   4.20418E-5
2.05240E+1   3.91986E-5
2.05320E+1   4.15163E-5
2.05400E+1   4.36891E-5
2.05481E+1   4.02809E-5
2.05561E+1   3.68728E-5
2.05642E+1   3.61901E-5
2.05722E+1   3.56449E-5
2.05802E+1   3.63575E-5
2.05883E+1   3.72437E-5
2.05963E+1   3.81300E-5
2.06043E+1   3.90163E-5
2.06124E+1   3.78070E-5
2.06204E+1   3.58303E-5
2.06285E+1   3.47964E-5
2.06365E+1   3.42512E-5
2.06445E+1   3.37060E-5
2.06526E+1   3.31608E-5
2.06606E+1   3.33484E-5
2.06687E+1   3.42347E-5
2.06767E+1   3.38654E-5
2.06847E+1   3.18887E-5
2.06928E+1   3.04348E-5
2.07008E+1   2.98896E-5
2.07088E+1   2.97623E-5
2.07169E+1   3.06486E-5
2.07249E+1   3.05963E-5
2.07330E+1   2.71881E-5
2.07410E+1   2.41957E-5
2.07490E+1   2.36505E-5
2.07571E+1   2.29056E-5
2.07651E+1   1.95817E-5
2.07732E+1   1.62577E-5
2.07812E+1   1.71378E-5
2.07892E+1   1.80241E-5
2.07973E+1   1.62616E-5
2.08053E+1   1.42849E-5
2.08133E+1   1.23083E-5
2.08214E+1   1.03316E-5
2.08294E+1   8.35491E-6
2.08375E+1   6.37824E-6
2.08455E+1   3.82438E-6
2.08535E+1   1.02918E-6
2.08616E+1   2.25891E-7
2.08696E+1   5.83423E-7
2.08777E+1   5.41620E-7
2.08857E+1   1.84088E-7
2.08937E+1   0.00000E+0
