1.50570E+1   0.00000E+0
1.50651E+1   4.29204E-7
1.50732E+1   1.84741E-7
1.50813E+1   0.00000E+0
1.50894E+1   0.00000E+0
1.50975E+1   0.00000E+0
1.51056E+1   0.00000E+0
1.51137E+1   0.00000E+0
1.51218E+1   0.00000E+0
1.51299E+1   0.00000E+0
1.51380E+1   0.00000E+0
1.51460E+1   0.00000E+0
1.51541E+1   0.00000E+0
1.51622E+1   0.00000E+0
1.51703E+1   0.00000E+0
1.51784E+1   0.00000E+0
1.51865E+1   0.00000E+0
1.51946E+1   0.00000E+0
1.52027E+1   0.00000E+0
1.52108E+1   0.00000E+0
1.52189E+1   0.00000E+0
1.52270E+1   0.00000E+0
1.52351E+1   0.00000E+0
1.52432E+1   0.00000E+0
1.52512E+1   0.00000E+0
1.52593E+1   0.00000E+0
1.52674E+1   0.00000E+0
1.52755E+1   0.00000E+0
1.52836E+1   0.00000E+0
1.52917E+1   0.00000E+0
1.52998E+1   0.00000E+0
1.53079E+1   0.00000E+0
1.53160E+1   0.00000E+0
1.53241E+1   0.00000E+0
1.53322E+1   0.00000E+0
1.53403E+1   0.00000E+0
1.53483E+1   0.00000E+0
1.53564E+1   0.00000E+0
1.53645E+1   0.00000E+0
1.53726E+1   0.00000E+0
1.53807E+1   0.00000E+0
1.53888E+1   0.00000E+0
1.53969E+1   0.00000E+0
1.54050E+1   0.00000E+0
1.54131E+1   0.00000E+0
1.54212E+1   0.00000E+0
1.54293E+1   0.00000E+0
1.54374E+1   0.00000E+0
1.54454E+1   0.00000E+0
1.54535E+1   0.00000E+0
1.54616E+1   0.00000E+0
1.54697E+1   0.00000E+0
1.54778E+1   0.00000E+0
1.54859E+1   0.00000E+0
1.54940E+1   0.00000E+0
1.55021E+1   0.00000E+0
1.55102E+1   0.00000E+0
1.55183E+1   0.00000E+0
1.55264E+1   0.00000E+0
1.55345E+1   0.00000E+0
1.55426E+1   0.00000E+0
1.55506E+1   0.00000E+0
1.55587E+1   0.00000E+0
1.55668E+1   0.00000E+0
1.55749E+1   0.00000E+0
1.55830E+1   0.00000E+0
1.55911E+1   0.00000E+0
1.55992E+1   0.00000E+0
1.56073E+1   0.00000E+0
1.56154E+1   0.00000E+0
1.56235E+1   0.00000E+0
1.56316E+1   0.00000E+0
1.56397E+1   0.00000E+0
1.56477E+1   0.00000E+0
1.56558E+1   0.00000E+0
1.56639E+1   0.00000E+0
1.56720E+1   0.00000E+0
1.56801E+1   0.00000E+0
1.56882E+1   0.00000E+0
1.56963E+1   0.00000E+0
1.57044E+1   0.00000E+0
1.57125E+1   0.00000E+0
1.57206E+1   0.00000E+0
1.57287E+1   0.00000E+0
1.57368E+1   0.00000E+0
1.57449E+1   0.00000E+0
1.57529E+1   0.00000E+0
1.57610E+1   0.00000E+0
1.57691E+1   0.00000E+0
1.57772E+1   0.00000E+0
1.57853E+1   0.00000E+0
1.57934E+1   0.00000E+0
1.58015E+1   0.00000E+0
1.58096E+1   0.00000E+0
1.58177E+1   0.00000E+0
1.58258E+1   0.00000E+0
1.58339E+1   0.00000E+0
1.58420E+1   0.00000E+0
1.58500E+1   0.00000E+0
1.58581E+1   0.00000E+0
1.58662E+1   0.00000E+0
1.58743E+1   0.00000E+0
1.58824E+1   0.00000E+0
1.58905E+1   0.00000E+0
1.58986E+1   0.00000E+0
1.59067E+1   0.00000E+0
1.59148E+1   0.00000E+0
1.59229E+1   0.00000E+0
1.59310E+1   0.00000E+0
1.59391E+1   0.00000E+0
1.59472E+1   0.00000E+0
1.59552E+1   0.00000E+0
1.59633E+1   0.00000E+0
1.59714E+1   0.00000E+0
1.59795E+1   0.00000E+0
1.59876E+1   0.00000E+0
1.59957E+1   0.00000E+0
1.60038E+1   0.00000E+0
1.60119E+1   0.00000E+0
1.60200E+1   0.00000E+0
1.60281E+1   0.00000E+0
1.60362E+1   0.00000E+0
1.60443E+1   0.00000E+0
1.60523E+1   0.00000E+0
1.60604E+1   0.00000E+0
1.60685E+1   0.00000E+0
1.60766E+1   0.00000E+0
1.60847E+1   0.00000E+0
1.60928E+1   0.00000E+0
1.61009E+1   0.00000E+0
1.61090E+1   0.00000E+0
1.61171E+1   0.00000E+0
1.61252E+1   0.00000E+0
1.61333E+1   0.00000E+0
1.61414E+1   0.00000E+0
1.61495E+1   0.00000E+0
1.61575E+1   0.00000E+0
1.61656E+1   0.00000E+0
1.61737E+1   0.00000E+0
1.61818E+1   0.00000E+0
1.61899E+1   0.00000E+0
1.61980E+1   0.00000E+0
1.62061E+1   0.00000E+0
1.62142E+1   0.00000E+0
1.62223E+1   0.00000E+0
1.62304E+1   0.00000E+0
1.62385E+1   0.00000E+0
1.62466E+1   0.00000E+0
1.62546E+1   0.00000E+0
1.62627E+1   0.00000E+0
1.62708E+1   0.00000E+0
1.62789E+1   0.00000E+0
1.62870E+1   0.00000E+0
1.62951E+1   0.00000E+0
1.63032E+1   0.00000E+0
1.63113E+1   0.00000E+0
1.63194E+1   0.00000E+0
1.63275E+1   0.00000E+0
1.63356E+1   0.00000E+0
1.63437E+1   0.00000E+0
1.63518E+1   0.00000E+0
1.63598E+1   0.00000E+0
1.63679E+1   0.00000E+0
1.63760E+1   0.00000E+0
1.63841E+1   0.00000E+0
1.63922E+1   0.00000E+0
1.64003E+1   0.00000E+0
1.64084E+1   0.00000E+0
1.64165E+1   0.00000E+0
1.64246E+1   0.00000E+0
1.64327E+1   0.00000E+0
1.64408E+1   0.00000E+0
1.64489E+1   0.00000E+0
1.64569E+1   0.00000E+0
1.64650E+1   0.00000E+0
1.64731E+1   0.00000E+0
1.64812E+1   0.00000E+0
1.64893E+1   0.00000E+0
1.64974E+1   0.00000E+0
1.65055E+1   0.00000E+0
1.65136E+1   0.00000E+0
1.65217E+1   0.00000E+0
1.65298E+1   0.00000E+0
1.65379E+1   0.00000E+0
1.65460E+1   0.00000E+0
1.65541E+1   0.00000E+0
1.65621E+1   0.00000E+0
1.65702E+1   0.00000E+0
1.65783E+1   0.00000E+0
1.65864E+1   0.00000E+0
1.65945E+1   0.00000E+0
1.66026E+1   0.00000E+0
1.66107E+1   0.00000E+0
1.66188E+1   0.00000E+0
1.66269E+1   0.00000E+0
1.66350E+1   0.00000E+0
1.66431E+1   0.00000E+0
1.66512E+1   0.00000E+0
1.66592E+1   0.00000E+0
1.66673E+1   8.65794E-7
1.66754E+1   2.36462E-6
1.66835E+1   4.20819E-6
1.66916E+1   6.37256E-6
1.66997E+1   9.19741E-6
1.67078E+1   1.28028E-5
1.67159E+1   1.52929E-5
1.67240E+1   1.61010E-5
1.67321E+1   1.88347E-5
1.67402E+1   2.53220E-5
1.67483E+1   3.06252E-5
1.67564E+1   3.28743E-5
1.67644E+1   3.54215E-5
1.67725E+1   3.90269E-5
1.67806E+1   4.26322E-5
1.67887E+1   4.62376E-5
1.67968E+1   4.98515E-5
1.68049E+1   5.35416E-5
1.68130E+1   5.73459E-5
1.68211E+1   6.38332E-5
1.68292E+1   7.03205E-5
1.68373E+1   7.39802E-5
1.68454E+1   7.75855E-5
1.68535E+1   8.25188E-5
1.68615E+1   8.75651E-5
1.68696E+1   9.02007E-5
1.68777E+1   9.24498E-5
1.68858E+1   9.91869E-5
1.68939E+1   1.07030E-4
1.69020E+1   1.12797E-4
1.69101E+1   1.17843E-4
1.69182E+1   1.22890E-4
1.69263E+1   1.27936E-4
1.69344E+1   1.33035E-4
1.69425E+1   1.38166E-4
1.69506E+1   1.43250E-4
1.69587E+1   1.48296E-4
1.69667E+1   1.55478E-4
1.69748E+1   1.64763E-4
1.69829E+1   1.73445E-4
1.69910E+1   1.81373E-4
1.69991E+1   1.88193E-4
1.70072E+1   1.93239E-4
1.70153E+1   1.99663E-4
1.70234E+1   2.08948E-4
1.70315E+1   2.17490E-4
1.70396E+1   2.23977E-4
1.70477E+1   2.30761E-4
1.70558E+1   2.38689E-4
1.70638E+1   2.46816E-4
1.70719E+1   2.56100E-4
1.70800E+1   2.65392E-4
1.70881E+1   2.74761E-4
1.70962E+1   2.84128E-4
1.71043E+1   2.93413E-4
1.71124E+1   3.02698E-4
1.71205E+1   3.10670E-4
1.71286E+1   3.18599E-4
1.71367E+1   3.29066E-4
1.71448E+1   3.39791E-4
1.71529E+1   3.49295E-4
1.71610E+1   3.58579E-4
1.71690E+1   3.69067E-4
1.71771E+1   3.79877E-4
1.71852E+1   3.90625E-4
1.71933E+1   4.01351E-4
1.72014E+1   4.14004E-4
1.72095E+1   4.27612E-4
1.72176E+1   4.39464E-4
1.72257E+1   4.50189E-4
1.72338E+1   4.60915E-4
1.72419E+1   4.71640E-4
1.72500E+1   4.83778E-4
1.72581E+1   4.97385E-4
1.72661E+1   5.10993E-4
1.72742E+1   5.24600E-4
1.72823E+1   5.37140E-4
1.72904E+1   5.47865E-4
1.72985E+1   5.60357E-4
1.73066E+1   5.76762E-4
1.73147E+1   5.92463E-4
1.73228E+1   6.06071E-4
1.73309E+1   6.19955E-4
1.73390E+1   6.35003E-4
1.73471E+1   6.50040E-4
1.73552E+1   6.65004E-4
1.73633E+1   6.79974E-4
1.73713E+1   6.95023E-4
1.73794E+1   7.10125E-4
1.73875E+1   7.29412E-4
1.73956E+1   7.48699E-4
1.74037E+1   7.63865E-4
1.74118E+1   7.78829E-4
1.74199E+1   7.93868E-4
1.74280E+1   8.08917E-4
1.74361E+1   8.28630E-4
1.74442E+1   8.49273E-4
1.74523E+1   8.66701E-4
1.74604E+1   8.83190E-4
1.74684E+1   9.02647E-4
1.74765E+1   9.23290E-4
1.74846E+1   9.40270E-4
1.74927E+1   9.55318E-4
1.75008E+1   9.75412E-4
1.75089E+1   9.98937E-4
1.75170E+1   1.02096E-3
1.75251E+1   1.04169E-3
1.75332E+1   1.06173E-3
1.75413E+1   1.08102E-3
1.75494E+1   1.10207E-3
1.75575E+1   1.12560E-3
1.75656E+1   1.14761E-3
1.75736E+1   1.16690E-3
1.75817E+1   1.18744E-3
1.75898E+1   1.21097E-3
1.75979E+1   1.23415E-3
1.76060E+1   1.25623E-3
1.76141E+1   1.27833E-3
1.76222E+1   1.30050E-3
1.76303E+1   1.32266E-3
1.76384E+1   1.34474E-3
1.76465E+1   1.36683E-3
1.76546E+1   1.38900E-3
1.76627E+1   1.41117E-3
1.76707E+1   1.43469E-3
1.76788E+1   1.45822E-3
1.76869E+1   1.48445E-3
1.76950E+1   1.51086E-3
1.77031E+1   1.53600E-3
1.77112E+1   1.56096E-3
1.77193E+1   1.58593E-3
1.77274E+1   1.61089E-3
1.77355E+1   1.63799E-3
1.77436E+1   1.66575E-3
1.77517E+1   1.69054E-3
1.77598E+1   1.71407E-3
1.77679E+1   1.74129E-3
1.77759E+1   1.77058E-3
1.77840E+1   1.79898E-3
1.77921E+1   1.82674E-3
1.78002E+1   1.85380E-3
1.78083E+1   1.88020E-3
1.78164E+1   1.90266E-3
1.78245E+1   1.92050E-3
1.78326E+1   1.94350E-3
1.78407E+1   1.97414E-3
1.78488E+1   2.00429E-3
1.78569E+1   2.03350E-3
1.78650E+1   2.06232E-3
1.78730E+1   2.09017E-3
1.78811E+1   2.11832E-3
1.78892E+1   2.14752E-3
1.78973E+1   2.17674E-3
1.79054E+1   2.20603E-3
1.79135E+1   2.23531E-3
1.79216E+1   2.26451E-3
1.79297E+1   2.29378E-3
1.79378E+1   2.32442E-3
1.79459E+1   2.35507E-3
1.79540E+1   2.38296E-3
1.79621E+1   2.41081E-3
1.79702E+1   2.43858E-3
1.79782E+1   2.46634E-3
1.79863E+1   2.50276E-3
1.79944E+1   2.54053E-3
1.80025E+1   2.56914E-3
1.80106E+1   2.59555E-3
1.80187E+1   2.62195E-3
1.80268E+1   2.64836E-3
1.80349E+1   2.67866E-3
1.80430E+1   2.71075E-3
1.80511E+1   2.74549E-3
1.80592E+1   2.78182E-3
1.80673E+1   2.81329E-3
1.80753E+1   2.84105E-3
1.80834E+1   2.87174E-3
1.80915E+1   2.90527E-3
1.80996E+1   2.93560E-3
1.81077E+1   2.96201E-3
1.81158E+1   2.99115E-3
1.81239E+1   3.02459E-3
1.81320E+1   3.05901E-3
1.81401E+1   3.09542E-3
1.81482E+1   3.12911E-3
1.81563E+1   3.15544E-3
1.81644E+1   3.18266E-3
1.81725E+1   3.21331E-3
1.81805E+1   3.24438E-3
1.81886E+1   3.27791E-3
1.81967E+1   3.31131E-3
1.82048E+1   3.34339E-3
1.82129E+1   3.37548E-3
1.82210E+1   3.40757E-3
1.82291E+1   3.43965E-3
1.82372E+1   3.46894E-3
1.82453E+1   3.49815E-3
1.82534E+1   3.53129E-3
1.82615E+1   3.56482E-3
1.82696E+1   3.59589E-3
1.82776E+1   3.62653E-3
1.82857E+1   3.66053E-3
1.82938E+1   3.69542E-3
1.83019E+1   3.72515E-3
1.83100E+1   3.75300E-3
1.83181E+1   3.78467E-3
1.83262E+1   3.81819E-3
1.83343E+1   3.85167E-3
1.83424E+1   3.88511E-3
1.83505E+1   3.91700E-3
1.83586E+1   3.94765E-3
1.83667E+1   3.97763E-3
1.83748E+1   4.00691E-3
1.83828E+1   4.03801E-3
1.83909E+1   4.07145E-3
1.83990E+1   4.10384E-3
1.84071E+1   4.13449E-3
1.84152E+1   4.16513E-3
1.84233E+1   4.19578E-3
1.84314E+1   4.22645E-3
1.84395E+1   4.25718E-3
1.84476E+1   4.28789E-3
1.84557E+1   4.31853E-3
1.84638E+1   4.34879E-3
1.84719E+1   4.37655E-3
1.84799E+1   4.40486E-3
1.84880E+1   4.43983E-3
1.84961E+1   4.47466E-3
1.85042E+1   4.50098E-3
1.85123E+1   4.52730E-3
1.85204E+1   4.55646E-3
1.85285E+1   4.58575E-3
1.85366E+1   4.61755E-3
1.85447E+1   4.64963E-3
1.85528E+1   4.67689E-3
1.85609E+1   4.70322E-3
1.85690E+1   4.73073E-3
1.85771E+1   4.75857E-3
1.85851E+1   4.78843E-3
1.85932E+1   4.81907E-3
1.86013E+1   4.84693E-3
1.86094E+1   4.87334E-3
1.86175E+1   4.90142E-3
1.86256E+1   4.93062E-3
1.86337E+1   4.95832E-3
1.86418E+1   4.98473E-3
1.86499E+1   5.01178E-3
1.86580E+1   5.03955E-3
1.86661E+1   5.06613E-3
1.86742E+1   5.09110E-3
1.86822E+1   5.11659E-3
1.86903E+1   5.14299E-3
1.86984E+1   5.16769E-3
1.87065E+1   5.18842E-3
1.87146E+1   5.21052E-3
1.87227E+1   5.23692E-3
1.87308E+1   5.26307E-3
1.87389E+1   5.28803E-3
1.87470E+1   5.31248E-3
1.87551E+1   5.33312E-3
1.87632E+1   5.35412E-3
1.87713E+1   5.38052E-3
1.87794E+1   5.40691E-3
1.87874E+1   5.42195E-3
1.87955E+1   5.43700E-3
1.88036E+1   5.46140E-3
1.88117E+1   5.48637E-3
1.88198E+1   5.51006E-3
1.88279E+1   5.53358E-3
1.88360E+1   5.55125E-3
1.88441E+1   5.56765E-3
1.88522E+1   5.58736E-3
1.88603E+1   5.60809E-3
1.88684E+1   5.62780E-3
1.88765E+1   5.64709E-3
1.88845E+1   5.66452E-3
1.88926E+1   5.68092E-3
1.89007E+1   5.69732E-3
1.89088E+1   5.71373E-3
1.89169E+1   5.73165E-3
1.89250E+1   5.75093E-3
1.89331E+1   5.76892E-3
1.89412E+1   5.78541E-3
1.89493E+1   5.80186E-3
1.89574E+1   5.81827E-3
1.89655E+1   5.83321E-3
1.89736E+1   5.84537E-3
1.89817E+1   5.85875E-3
1.89897E+1   5.87516E-3
1.89978E+1   5.89060E-3
1.90059E+1   5.90277E-3
1.90140E+1   5.91399E-3
1.90221E+1   5.92047E-3
1.90302E+1   5.92818E-3
1.90383E+1   5.94603E-3
1.90464E+1   5.96367E-3
1.90545E+1   5.97728E-3
1.90626E+1   5.99089E-3
1.90707E+1   6.00022E-3
1.90788E+1   6.00951E-3
1.90868E+1   6.01887E-3
1.90949E+1   6.02824E-3
1.91030E+1   6.03753E-3
1.91111E+1   6.04682E-3
1.91192E+1   6.05500E-3
1.91273E+1   6.06293E-3
1.91354E+1   6.07086E-3
1.91435E+1   6.07879E-3
1.91516E+1   6.07982E-3
1.91597E+1   6.07774E-3
1.91678E+1   6.08016E-3
1.91759E+1   6.08520E-3
1.91840E+1   6.09431E-3
1.91920E+1   6.10648E-3
1.92001E+1   6.11284E-3
1.92082E+1   6.11365E-3
1.92163E+1   6.11637E-3
1.92244E+1   6.12142E-3
1.92325E+1   6.12646E-3
1.92406E+1   6.13151E-3
1.92487E+1   6.13560E-3
1.92568E+1   6.13776E-3
1.92649E+1   6.13917E-3
1.92730E+1   6.13853E-3
1.92811E+1   6.13882E-3
1.92891E+1   6.14251E-3
1.92972E+1   6.14597E-3
1.93053E+1   6.14813E-3
1.93134E+1   6.14991E-3
1.93215E+1   6.14792E-3
1.93296E+1   6.14578E-3
1.93377E+1   6.13938E-3
1.93458E+1   6.13299E-3
1.93539E+1   6.13088E-3
1.93620E+1   6.12889E-3
1.93701E+1   6.13070E-3
1.93782E+1   6.13287E-3
1.93863E+1   6.12293E-3
1.93943E+1   6.11094E-3
1.94024E+1   6.10798E-3
1.94105E+1   6.10735E-3
1.94186E+1   6.10148E-3
1.94267E+1   6.09373E-3
1.94348E+1   6.08889E-3
1.94429E+1   6.08546E-3
1.94510E+1   6.08021E-3
1.94591E+1   6.07381E-3
1.94672E+1   6.06987E-3
1.94753E+1   6.06788E-3
1.94834E+1   6.06159E-3
1.94914E+1   6.05096E-3
1.94995E+1   6.04221E-3
1.95076E+1   6.03590E-3
1.95157E+1   6.02799E-3
1.95238E+1   6.01744E-3
1.95319E+1   6.00686E-3
1.95400E+1   5.99622E-3
1.95481E+1   5.98561E-3
1.95562E+1   5.97506E-3
1.95643E+1   5.96422E-3
1.95724E+1   5.95223E-3
1.95805E+1   5.94023E-3
1.95886E+1   5.92815E-3
1.95966E+1   5.91620E-3
1.96047E+1   5.90565E-3
1.96128E+1   5.89513E-3
1.96209E+1   5.88593E-3
1.96290E+1   5.87674E-3
1.96371E+1   5.86217E-3
1.96452E+1   5.84738E-3
1.96533E+1   5.83634E-3
1.96614E+1   5.82570E-3
1.96695E+1   5.80794E-3
1.96776E+1   5.78883E-3
1.96857E+1   5.77746E-3
1.96937E+1   5.76827E-3
1.97018E+1   5.75088E-3
1.97099E+1   5.73033E-3
1.97180E+1   5.71449E-3
1.97261E+1   5.70105E-3
1.97342E+1   5.68507E-3
1.97423E+1   5.66740E-3
1.97504E+1   5.65051E-3
1.97585E+1   5.63428E-3
1.97666E+1   5.62145E-3
1.97747E+1   5.61226E-3
1.97828E+1   5.59886E-3
1.97909E+1   5.57975E-3
1.97989E+1   5.56218E-3
1.98070E+1   5.54731E-3
1.98151E+1   5.53115E-3
1.98232E+1   5.51204E-3
1.98313E+1   5.49222E-3
1.98394E+1   5.47023E-3
1.98475E+1   5.44930E-3
1.98556E+1   5.43307E-3
1.98637E+1   5.41719E-3
1.98718E+1   5.40376E-3
1.98799E+1   5.38976E-3
1.98880E+1   5.36777E-3
1.98960E+1   5.34578E-3
1.99041E+1   5.32378E-3
1.99122E+1   5.30179E-3
1.99203E+1   5.27988E-3
1.99284E+1   5.25797E-3
1.99365E+1   5.23974E-3
1.99446E+1   5.22199E-3
1.99527E+1   5.20430E-3
1.99608E+1   5.18663E-3
1.99689E+1   5.16675E-3
1.99770E+1   5.14620E-3
1.99851E+1   5.12367E-3
1.99932E+1   5.10032E-3
2.00012E+1   5.07878E-3
2.00093E+1   5.05823E-3
2.00174E+1   5.03683E-3
2.00255E+1   5.01483E-3
2.00336E+1   4.99436E-3
2.00417E+1   4.97525E-3
2.00498E+1   4.95213E-3
2.00579E+1   4.92445E-3
2.00660E+1   4.89914E-3
2.00741E+1   4.87723E-3
2.00822E+1   4.85677E-3
2.00903E+1   4.83902E-3
2.00983E+1   4.81964E-3
2.01064E+1   4.79629E-3
2.01145E+1   4.77359E-3
2.01226E+1   4.75303E-3
2.01307E+1   4.73127E-3
2.01388E+1   4.70359E-3
2.01469E+1   4.67640E-3
2.01550E+1   4.65305E-3
2.01631E+1   4.63006E-3
2.01712E+1   4.61375E-3
2.01793E+1   4.59743E-3
2.01874E+1   4.56994E-3
2.01955E+1   4.54235E-3
2.02035E+1   4.52393E-3
2.02116E+1   4.50617E-3
2.02197E+1   4.47858E-3
2.02278E+1   4.44955E-3
2.02359E+1   4.42507E-3
2.02440E+1   4.40164E-3
2.02521E+1   4.37935E-3
2.02602E+1   4.35744E-3
2.02683E+1   4.33348E-3
2.02764E+1   4.30860E-3
2.02845E+1   4.28378E-3
2.02926E+1   4.25899E-3
2.03006E+1   4.23337E-3
2.03087E+1   4.20714E-3
2.03168E+1   4.18165E-3
2.03249E+1   4.15686E-3
2.03330E+1   4.13400E-3
2.03411E+1   4.11345E-3
2.03492E+1   4.09289E-3
2.03573E+1   4.07234E-3
2.03654E+1   4.04940E-3
2.03735E+1   4.02173E-3
2.03816E+1   3.99525E-3
2.03897E+1   3.97190E-3
2.03978E+1   3.94792E-3
2.04058E+1   3.92169E-3
2.04139E+1   3.89569E-3
2.04220E+1   3.87090E-3
2.04301E+1   3.84624E-3
2.04382E+1   3.82280E-3
2.04463E+1   3.79921E-3
2.04544E+1   3.77162E-3
2.04625E+1   3.74404E-3
2.04706E+1   3.72465E-3
2.04787E+1   3.70546E-3
2.04868E+1   3.67723E-3
2.04949E+1   3.64821E-3
2.05029E+1   3.62281E-3
2.05110E+1   3.59802E-3
2.05191E+1   3.57885E-3
2.05272E+1   3.56110E-3
2.05353E+1   3.53181E-3
2.05434E+1   3.49846E-3
2.05515E+1   3.47289E-3
2.05596E+1   3.45098E-3
2.05677E+1   3.42902E-3
2.05758E+1   3.40702E-3
2.05839E+1   3.38266E-3
2.05920E+1   3.35642E-3
2.06001E+1   3.33163E-3
2.06081E+1   3.30829E-3
2.06162E+1   3.28116E-3
2.06243E+1   3.24925E-3
2.06324E+1   3.22222E-3
2.06405E+1   3.20311E-3
2.06486E+1   3.18397E-3
2.06567E+1   3.16477E-3
2.06648E+1   3.14338E-3
2.06729E+1   3.11579E-3
2.06810E+1   3.08963E-3
2.06891E+1   3.06907E-3
2.06972E+1   3.04811E-3
2.07052E+1   3.02468E-3
2.07133E+1   3.00125E-3
2.07214E+1   2.97790E-3
2.07295E+1   2.95458E-3
2.07376E+1   2.93259E-3
2.07457E+1   2.91059E-3
2.07538E+1   2.88321E-3
2.07619E+1   2.85562E-3
2.07700E+1   2.83309E-3
2.07781E+1   2.81110E-3
2.07862E+1   2.78910E-3
2.07943E+1   2.76711E-3
2.08023E+1   2.74405E-3
2.08104E+1   2.72070E-3
2.08185E+1   2.69526E-3
2.08266E+1   2.66903E-3
2.08347E+1   2.64562E-3
2.08428E+1   2.62363E-3
2.08509E+1   2.60425E-3
2.08590E+1   2.58658E-3
2.08671E+1   2.56188E-3
2.08752E+1   2.53132E-3
2.08833E+1   2.50703E-3
2.08914E+1   2.48936E-3
2.08995E+1   2.46865E-3
2.09075E+1   2.44386E-3
2.09156E+1   2.42010E-3
2.09237E+1   2.39811E-3
2.09318E+1   2.37570E-3
2.09399E+1   2.35235E-3
2.09480E+1   2.33110E-3
2.09561E+1   2.31622E-3
2.09642E+1   2.29894E-3
2.09723E+1   2.27127E-3
2.09804E+1   2.24434E-3
2.09885E+1   2.22243E-3
2.09966E+1   2.20081E-3
2.10046E+1   2.18305E-3
2.10127E+1   2.16519E-3
2.10208E+1   2.13616E-3
2.10289E+1   2.10713E-3
2.10370E+1   2.08881E-3
2.10451E+1   2.07106E-3
2.10532E+1   2.04832E-3
2.10613E+1   2.02497E-3
2.10694E+1   2.00395E-3
2.10775E+1   1.98339E-3
2.10856E+1   1.96395E-3
2.10937E+1   1.94484E-3
2.11018E+1   1.92271E-3
2.11098E+1   1.89937E-3
2.11179E+1   1.87872E-3
2.11260E+1   1.85952E-3
2.11341E+1   1.83958E-3
2.11422E+1   1.81911E-3
2.11503E+1   1.79783E-3
2.11584E+1   1.77584E-3
2.11665E+1   1.75384E-3
2.11746E+1   1.73185E-3
2.11827E+1   1.71105E-3
2.11908E+1   1.69193E-3
2.11989E+1   1.67133E-3
2.12069E+1   1.64798E-3
2.12150E+1   1.62669E-3
2.12231E+1   1.61038E-3
2.12312E+1   1.59275E-3
2.12393E+1   1.57085E-3
2.12474E+1   1.54941E-3
2.12555E+1   1.53021E-3
2.12636E+1   1.51119E-3
2.12717E+1   1.49352E-3
2.12798E+1   1.47632E-3
2.12879E+1   1.46712E-3
2.12960E+1   1.45793E-3
2.13041E+1   1.43178E-3
2.13121E+1   1.40555E-3
2.13202E+1   1.38336E-3
2.13283E+1   1.36145E-3
2.13364E+1   1.34444E-3
2.13445E+1   1.32813E-3
2.13526E+1   1.31071E-3
2.13607E+1   1.29304E-3
2.13688E+1   1.27319E-3
2.13769E+1   1.25263E-3
2.13850E+1   1.23503E-3
2.13931E+1   1.21872E-3
2.14012E+1   1.19976E-3
2.14092E+1   1.17929E-3
2.14173E+1   1.16206E-3
2.14254E+1   1.14718E-3
2.14335E+1   1.12862E-3
2.14416E+1   1.10663E-3
2.14497E+1   1.08790E-3
2.14578E+1   1.07302E-3
2.14659E+1   1.05535E-3
2.14740E+1   1.03344E-3
2.14821E+1   1.01440E-3
2.14902E+1   1.00097E-3
2.14983E+1   9.86733E-4
2.15064E+1   9.70418E-4
2.15144E+1   9.55054E-4
2.15225E+1   9.43063E-4
2.15306E+1   9.30610E-4
2.15387E+1   9.15737E-4
2.15468E+1   9.00728E-4
2.15549E+1   8.84498E-4
2.15630E+1   8.68324E-4
2.15711E+1   8.53451E-4
2.15792E+1   8.38578E-4
2.15873E+1   8.15304E-4
2.15954E+1   7.91870E-4
2.16035E+1   7.82965E-4
2.16115E+1   7.75296E-4
2.16196E+1   7.58934E-4
2.16277E+1   7.41179E-4
2.16358E+1   7.26892E-4
2.16439E+1   7.13460E-4
2.16520E+1   7.01098E-4
2.16601E+1   6.89106E-4
2.16682E+1   6.73236E-4
2.16763E+1   6.55566E-4
2.16844E+1   6.39639E-4
2.16925E+1   6.24766E-4
2.17006E+1   6.13906E-4
2.17087E+1   6.06153E-4
2.17167E+1   5.92675E-4
2.17248E+1   5.73564E-4
2.17329E+1   5.57616E-4
2.17410E+1   5.45625E-4
2.17491E+1   5.34155E-4
2.17572E+1   5.23520E-4
2.17653E+1   5.13822E-4
2.17734E+1   5.06069E-4
2.17815E+1   4.97574E-4
2.17896E+1   4.87024E-4
2.17977E+1   4.74712E-4
2.18058E+1   4.55600E-4
2.18138E+1   4.38359E-4
2.18219E+1   4.32047E-4
2.18300E+1   4.25610E-4
2.18381E+1   4.17857E-4
2.18462E+1   4.09913E-4
2.18543E+1   3.95040E-4
2.18624E+1   3.80167E-4
2.18705E+1   3.65294E-4
2.18786E+1   3.50420E-4
2.18867E+1   3.51086E-4
2.18948E+1   3.53335E-4
2.19029E+1   3.42289E-4
2.19110E+1   3.28856E-4
2.19190E+1   3.18765E-4
2.19271E+1   3.09571E-4
2.19352E+1   3.02476E-4
2.19433E+1   2.96164E-4
2.19514E+1   2.87924E-4
2.19595E+1   2.78730E-4
2.19676E+1   2.70466E-4
2.19757E+1   2.62798E-4
2.19838E+1   2.52707E-4
2.19919E+1   2.40631E-4
2.20000E+1   2.33497E-4
2.20081E+1   2.31508E-4
2.20161E+1   2.25178E-4
2.20242E+1   2.13102E-4
2.20323E+1   2.05268E-4
2.20404E+1   2.04635E-4
2.20485E+1   2.00470E-4
2.20566E+1   1.88478E-4
2.20647E+1   1.78980E-4
2.20728E+1   1.76906E-4
2.20809E+1   1.73744E-4
2.20890E+1   1.65991E-4
2.20971E+1   1.59178E-4
2.21052E+1   1.58545E-4
2.21133E+1   1.57194E-4
2.21213E+1   1.46644E-4
2.21294E+1   1.36166E-4
2.21375E+1   1.31295E-4
2.21456E+1   1.26424E-4
2.21537E+1   1.25593E-4
2.21618E+1   1.24960E-4
2.21699E+1   1.20464E-4
2.21780E+1   1.15508E-4
2.21861E+1   1.13026E-4
2.21942E+1   1.11037E-4
2.22023E+1   1.11148E-4
2.22104E+1   1.11872E-4
2.22184E+1   1.07568E-4
2.22265E+1   1.01256E-4
2.22346E+1   9.68312E-5
2.22427E+1   9.34011E-5
2.22508E+1   8.99206E-5
2.22589E+1   8.64058E-5
2.22670E+1   8.36627E-5
2.22751E+1   8.15889E-5
2.22832E+1   7.68120E-5
2.22913E+1   6.90590E-5
2.22994E+1   6.54699E-5
2.23075E+1   6.77190E-5
2.23156E+1   6.69148E-5
2.23236E+1   6.06027E-5
2.23317E+1   5.68082E-5
2.23398E+1   5.89726E-5
2.23479E+1   5.94670E-5
2.23560E+1   5.45960E-5
2.23641E+1   5.07342E-5
2.23722E+1   5.15423E-5
2.23803E+1   5.16800E-5
2.23884E+1   4.68089E-5
2.23965E+1   4.21013E-5
2.24046E+1   4.00274E-5
2.24127E+1   3.79536E-5
2.24207E+1   3.44405E-5
2.24288E+1   3.09257E-5
2.24369E+1   2.87641E-5
2.24450E+1   2.66903E-5
2.24531E+1   2.71510E-5
2.24612E+1   2.79592E-5
2.24693E+1   2.64046E-5
2.24774E+1   2.43308E-5
2.24855E+1   2.33523E-5
2.24936E+1   2.27195E-5
2.25017E+1   2.11366E-5
2.25098E+1   1.91475E-5
2.25179E+1   1.80276E-5
2.25259E+1   1.73947E-5
2.25340E+1   1.67619E-5
2.25421E+1   1.61291E-5
2.25502E+1   1.47446E-5
2.25583E+1   1.26708E-5
2.25664E+1   1.12626E-5
2.25745E+1   1.06297E-5
2.25826E+1   1.05765E-5
2.25907E+1   1.13847E-5
2.25988E+1   1.07117E-5
2.26069E+1   7.19685E-6
2.26150E+1   5.31307E-6
2.26230E+1   7.56220E-6
2.26311E+1   8.29968E-6
2.26392E+1   3.77995E-6
2.26473E+1   6.08948E-8
2.26554E+1   4.32940E-7
2.26635E+1   1.14134E-6
2.26716E+1   4.74669E-6
2.26797E+1   8.10378E-6
2.26878E+1   6.11471E-6
2.26959E+1   4.12563E-6
2.27040E+1   6.22657E-6
2.27121E+1   8.39094E-6
2.27202E+1   4.71152E-6
2.27282E+1   5.58823E-7
2.27363E+1   0.00000E+0
2.27444E+1   0.00000E+0
2.27525E+1   1.81635E-6
2.27606E+1   4.07050E-6
2.27687E+1   3.09540E-6
2.27768E+1   1.02156E-6
2.27849E+1   2.47595E-7
2.27930E+1   6.72852E-8
2.28011E+1   0.00000E+0
2.28092E+1   0.00000E+0
2.28173E+1   1.47737E-6
2.28253E+1   4.08210E-6
2.28334E+1   4.31229E-6
2.28415E+1   2.23845E-6
2.28496E+1   8.55676E-7
2.28577E+1   3.24781E-7
2.28658E+1   0.00000E+0
2.28739E+1   0.00000E+0
2.28820E+1   0.00000E+0
2.28901E+1   0.00000E+0
2.28982E+1   0.00000E+0
2.29063E+1   0.00000E+0
2.29144E+1   0.00000E+0
2.29225E+1   0.00000E+0
2.29305E+1   0.00000E+0
2.29386E+1   0.00000E+0
2.29467E+1   0.00000E+0
2.29548E+1   0.00000E+0
2.29629E+1   0.00000E+0
2.29710E+1   0.00000E+0
2.29791E+1   0.00000E+0
2.29872E+1   0.00000E+0
2.29953E+1   0.00000E+0
2.30034E+1   0.00000E+0
2.30115E+1   0.00000E+0
2.30196E+1   0.00000E+0
2.30276E+1   0.00000E+0
2.30357E+1   0.00000E+0
2.30438E+1   0.00000E+0
2.30519E+1   0.00000E+0
2.30600E+1   0.00000E+0
2.30681E+1   0.00000E+0
2.30762E+1   0.00000E+0
2.30843E+1   0.00000E+0
2.30924E+1   0.00000E+0
2.31005E+1   0.00000E+0
2.31086E+1   0.00000E+0
2.31167E+1   0.00000E+0
2.31248E+1   0.00000E+0
2.31328E+1   0.00000E+0
2.31409E+1   0.00000E+0
2.31490E+1   0.00000E+0
2.31571E+1   0.00000E+0
2.31652E+1   0.00000E+0
2.31733E+1   0.00000E+0
2.31814E+1   1.03121E-8
2.31895E+1   5.07663E-8
2.31976E+1   7.54222E-8
2.32057E+1   3.49681E-8
2.32138E+1   0.00000E+0
2.32219E+1   0.00000E+0
2.32299E+1   0.00000E+0
2.32380E+1   0.00000E+0
2.32461E+1   2.85045E-8
2.32542E+1   1.77577E-6
2.32623E+1   3.52304E-6
2.32704E+1   4.37187E-6
2.32785E+1   5.18002E-6
2.32866E+1   2.97100E-6
2.32947E+1   4.15594E-7
2.33028E+1   0.00000E+0
2.33109E+1   0.00000E+0
2.33190E+1   0.00000E+0
2.33271E+1   0.00000E+0
2.33351E+1   0.00000E+0
