1.21080E+1   0.00000E+0
1.21148E+1   1.55616E-6
1.21217E+1   3.11231E-6
1.21285E+1   4.66847E-6
1.21353E+1   6.22462E-6
1.21422E+1   6.89084E-6
1.21490E+1   7.23023E-6
1.21558E+1   7.21407E-6
1.21627E+1   6.33670E-6
1.21695E+1   5.45932E-6
1.21763E+1   5.61985E-6
1.21832E+1   5.95924E-6
1.21900E+1   5.79513E-6
1.21968E+1   4.91775E-6
1.22037E+1   4.04037E-6
1.22105E+1   5.53473E-6
1.22173E+1   7.09089E-6
1.22242E+1   7.99558E-6
1.22310E+1   8.33497E-6
1.22378E+1   8.67436E-6
1.22447E+1   9.01375E-6
1.22515E+1   9.35314E-6
1.22583E+1   8.89310E-6
1.22652E+1   8.01573E-6
1.22720E+1   7.40338E-6
1.22788E+1   7.74277E-6
1.22857E+1   8.08216E-6
1.22925E+1   9.36894E-6
1.22993E+1   1.09251E-5
1.23062E+1   1.16553E-5
1.23130E+1   1.07779E-5
1.23198E+1   9.90052E-6
1.23267E+1   1.01185E-5
1.23335E+1   1.04579E-5
1.23403E+1   1.07973E-5
1.23471E+1   1.11367E-5
1.23540E+1   1.14761E-5
1.23608E+1   1.18154E-5
1.23676E+1   1.21548E-5
1.23745E+1   1.17853E-5
1.23813E+1   1.09079E-5
1.23881E+1   1.05541E-5
1.23950E+1   1.33270E-5
1.24018E+1   1.60999E-5
1.24086E+1   1.63022E-5
1.24155E+1   1.54249E-5
1.24223E+1   1.45475E-5
1.24291E+1   1.36701E-5
1.24360E+1   1.27927E-5
1.24428E+1   1.39250E-5
1.24496E+1   1.54812E-5
1.24565E+1   1.60965E-5
1.24633E+1   1.52191E-5
1.24701E+1   1.43417E-5
1.24770E+1   1.57699E-5
1.24838E+1   1.73261E-5
1.24906E+1   1.76455E-5
1.24975E+1   1.67681E-5
1.25043E+1   1.59747E-5
1.25111E+1   1.63141E-5
1.25180E+1   1.66535E-5
1.25248E+1   1.62716E-5
1.25316E+1   1.54658E-5
1.25385E+1   1.50966E-5
1.25453E+1   1.65812E-5
1.25521E+1   1.80658E-5
1.25590E+1   1.78293E-5
1.25658E+1   1.70235E-5
1.25726E+1   1.65753E-5
1.25795E+1   1.69146E-5
1.25863E+1   1.72540E-5
1.25931E+1   1.75934E-5
1.26000E+1   1.79328E-5
1.26068E+1   1.82722E-5
1.26136E+1   1.86116E-5
1.26205E+1   1.89510E-5
1.26273E+1   1.80801E-5
1.26341E+1   1.72028E-5
1.26410E+1   1.70012E-5
1.26478E+1   1.73406E-5
1.26546E+1   1.78214E-5
1.26615E+1   1.93776E-5
1.26683E+1   2.09337E-5
1.26751E+1   2.16661E-5
1.26820E+1   2.20055E-5
1.26888E+1   2.17661E-5
1.26956E+1   1.96719E-5
1.27025E+1   1.75778E-5
1.27093E+1   1.64554E-5
1.27161E+1   1.55780E-5
1.27230E+1   1.60127E-5
1.27298E+1   1.87857E-5
1.27366E+1   2.15586E-5
1.27435E+1   2.09723E-5
1.27503E+1   2.00950E-5
1.27571E+1   1.86323E-5
1.27640E+1   1.65381E-5
1.27708E+1   1.45967E-5
1.27776E+1   1.61529E-5
1.27845E+1   1.77091E-5
1.27913E+1   1.71085E-5
1.27981E+1   1.50859E-5
1.28050E+1   1.36366E-5
1.28118E+1   1.51212E-5
1.28186E+1   1.66058E-5
1.28254E+1   1.72609E-5
1.28323E+1   1.76003E-5
1.28391E+1   1.76133E-5
1.28459E+1   1.68075E-5
1.28528E+1   1.60017E-5
1.28596E+1   1.61645E-5
1.28664E+1   1.65039E-5
1.28733E+1   1.68433E-5
1.28801E+1   1.71827E-5
1.28869E+1   1.75221E-5
1.28938E+1   1.66843E-5
1.29006E+1   1.58070E-5
1.29074E+1   1.55723E-5
1.29143E+1   1.59117E-5
1.29211E+1   1.61428E-5
1.29279E+1   1.52654E-5
1.29348E+1   1.43880E-5
1.29416E+1   1.50921E-5
1.29484E+1   1.66482E-5
1.29553E+1   1.79481E-5
1.29621E+1   1.82875E-5
1.29689E+1   1.86268E-5
1.29758E+1   1.89662E-5
1.29826E+1   1.93056E-5
1.29894E+1   1.96450E-5
1.29963E+1   1.99844E-5
1.30031E+1   2.03238E-5
1.30099E+1   2.06632E-5
1.30168E+1   2.10026E-5
1.30236E+1   2.18942E-5
1.30304E+1   2.34504E-5
1.30373E+1   2.49708E-5
1.30441E+1   2.40935E-5
1.30509E+1   2.32161E-5
1.30578E+1   2.37391E-5
1.30646E+1   2.52953E-5
1.30714E+1   2.66856E-5
1.30783E+1   2.70250E-5
1.30851E+1   2.73644E-5
1.30919E+1   2.77038E-5
1.30988E+1   2.80432E-5
1.31056E+1   2.89917E-5
1.31124E+1   3.16930E-5
1.31193E+1   3.43944E-5
1.31261E+1   3.61582E-5
1.31329E+1   3.77143E-5
1.31398E+1   3.97322E-5
1.31466E+1   4.25051E-5
1.31534E+1   4.52781E-5
1.31603E+1   4.46187E-5
1.31671E+1   4.37413E-5
1.31739E+1   4.40833E-5
1.31808E+1   4.56395E-5
1.31876E+1   4.73418E-5
1.31944E+1   5.12599E-5
1.32013E+1   5.51780E-5
1.32081E+1   5.76254E-5
1.32149E+1   5.91815E-5
1.32218E+1   6.07246E-5
1.32286E+1   6.22092E-5
1.32354E+1   6.36937E-5
1.32423E+1   6.43260E-5
1.32491E+1   6.46654E-5
1.32559E+1   6.61184E-5
1.32628E+1   7.01081E-5
1.32696E+1   7.40978E-5
1.32764E+1   7.59803E-5
1.32832E+1   7.75365E-5
1.32901E+1   8.01004E-5
1.32969E+1   8.40185E-5
1.33037E+1   8.79366E-5
1.33106E+1   8.95224E-5
1.33174E+1   9.10785E-5
1.33242E+1   9.39297E-5
1.33311E+1   9.78478E-5
1.33379E+1   1.01508E-4
1.33447E+1   1.03064E-4
1.33516E+1   1.04621E-4
1.33584E+1   1.07759E-4
1.33652E+1   1.11677E-4
1.33721E+1   1.15876E-4
1.33789E+1   1.21011E-4
1.33857E+1   1.26146E-4
1.33926E+1   1.28448E-4
1.33994E+1   1.30004E-4
1.34062E+1   1.32392E-4
1.34131E+1   1.36311E-4
1.34199E+1   1.40229E-4
1.34267E+1   1.45258E-4
1.34336E+1   1.50393E-4
1.34404E+1   1.53832E-4
1.34472E+1   1.55388E-4
1.34541E+1   1.57068E-4
1.34609E+1   1.62203E-4
1.34677E+1   1.67338E-4
1.34746E+1   1.73197E-4
1.34814E+1   1.79549E-4
1.34882E+1   1.85341E-4
1.34951E+1   1.88114E-4
1.35019E+1   1.90887E-4
1.35087E+1   1.96226E-4
1.35156E+1   2.02578E-4
1.35224E+1   2.08591E-4
1.35292E+1   2.13726E-4
1.35361E+1   2.18861E-4
1.35429E+1   2.22976E-4
1.35497E+1   2.26894E-4
1.35566E+1   2.31298E-4
1.35634E+1   2.36433E-4
1.35702E+1   2.41568E-4
1.35771E+1   2.47871E-4
1.35839E+1   2.54223E-4
1.35907E+1   2.59940E-4
1.35976E+1   2.65075E-4
1.36044E+1   2.70310E-4
1.36112E+1   2.76661E-4
1.36181E+1   2.83013E-4
1.36249E+1   2.89365E-4
1.36317E+1   2.95716E-4
1.36386E+1   3.01820E-4
1.36454E+1   3.06955E-4
1.36522E+1   3.12090E-4
1.36591E+1   3.18155E-4
1.36659E+1   3.24507E-4
1.36727E+1   3.30463E-4
1.36796E+1   3.35598E-4
1.36864E+1   3.40732E-4
1.36932E+1   3.48023E-4
1.37001E+1   3.55592E-4
1.37069E+1   3.62616E-4
1.37137E+1   3.68968E-4
1.37206E+1   3.75337E-4
1.37274E+1   3.84051E-4
1.37342E+1   3.92765E-4
1.37410E+1   4.00136E-4
1.37479E+1   4.06488E-4
1.37547E+1   4.12996E-4
1.37615E+1   4.20565E-4
1.37684E+1   4.28133E-4
1.37752E+1   4.35652E-4
1.37820E+1   4.43149E-4
1.37889E+1   4.50664E-4
1.37957E+1   4.58232E-4
1.38025E+1   4.65801E-4
1.38094E+1   4.75286E-4
1.38162E+1   4.85216E-4
1.38230E+1   4.94267E-4
1.38299E+1   5.01836E-4
1.38367E+1   5.09404E-4
1.38435E+1   5.16972E-4
1.38504E+1   5.24541E-4
1.38572E+1   5.32074E-4
1.38640E+1   5.39571E-4
1.38709E+1   5.47267E-4
1.38777E+1   5.58414E-4
1.38845E+1   5.69562E-4
1.38914E+1   5.77757E-4
1.38982E+1   5.84109E-4
1.39050E+1   5.90889E-4
1.39119E+1   5.99675E-4
1.39187E+1   6.08460E-4
1.39255E+1   6.18089E-4
1.39324E+1   6.28019E-4
1.39392E+1   6.37587E-4
1.39460E+1   6.46301E-4
1.39529E+1   6.55015E-4
1.39597E+1   6.62745E-4
1.39665E+1   6.70313E-4
1.39734E+1   6.79383E-4
1.39802E+1   6.90530E-4
1.39870E+1   7.01677E-4
1.39939E+1   7.09246E-4
1.40007E+1   7.16743E-4
1.40075E+1   7.25595E-4
1.40144E+1   7.35597E-4
1.40212E+1   7.45468E-4
1.40280E+1   7.54181E-4
1.40349E+1   7.62895E-4
1.40417E+1   7.73221E-4
1.40485E+1   7.84368E-4
1.40554E+1   7.95244E-4
1.40622E+1   8.05174E-4
1.40690E+1   8.15104E-4
1.40759E+1   8.23182E-4
1.40827E+1   8.30750E-4
1.40895E+1   8.39134E-4
1.40964E+1   8.49064E-4
1.41032E+1   8.58995E-4
1.41100E+1   8.68925E-4
1.41169E+1   8.78856E-4
1.41237E+1   8.88819E-4
1.41305E+1   8.98821E-4
1.41374E+1   9.08788E-4
1.41442E+1   9.17501E-4
1.41510E+1   9.26215E-4
1.41579E+1   9.34971E-4
1.41647E+1   9.43756E-4
1.41715E+1   9.52712E-4
1.41784E+1   9.62642E-4
1.41852E+1   9.72573E-4
1.41920E+1   9.81639E-4
1.41989E+1   9.90353E-4
1.42057E+1   9.99086E-4
1.42125E+1   1.00787E-3
1.42193E+1   1.01666E-3
1.42262E+1   1.02741E-3
1.42330E+1   1.03855E-3
1.42398E+1   1.04874E-3
1.42467E+1   1.05746E-3
1.42535E+1   1.06617E-3
1.42603E+1   1.07721E-3
1.42672E+1   1.08835E-3
1.42740E+1   1.09829E-3
1.42808E+1   1.10707E-3
1.42877E+1   1.11594E-3
1.42945E+1   1.12587E-3
1.43013E+1   1.13580E-3
1.43082E+1   1.14573E-3
1.43150E+1   1.15566E-3
1.43218E+1   1.16489E-3
1.43287E+1   1.17124E-3
1.43355E+1   1.17759E-3
1.43423E+1   1.18758E-3
1.43492E+1   1.19872E-3
1.43560E+1   1.20910E-3
1.43628E+1   1.21781E-3
1.43697E+1   1.22652E-3
1.43765E+1   1.23631E-3
1.43833E+1   1.24624E-3
1.43902E+1   1.25620E-3
1.43970E+1   1.26620E-3
1.44038E+1   1.27620E-3
1.44107E+1   1.28613E-3
1.44175E+1   1.29606E-3
1.44243E+1   1.30467E-3
1.44312E+1   1.31224E-3
1.44380E+1   1.31995E-3
1.44448E+1   1.32866E-3
1.44517E+1   1.33737E-3
1.44585E+1   1.34609E-3
1.44653E+1   1.35480E-3
1.44722E+1   1.36353E-3
1.44790E+1   1.37232E-3
1.44858E+1   1.38110E-3
1.44927E+1   1.39081E-3
1.44995E+1   1.40074E-3
1.45063E+1   1.41025E-3
1.45132E+1   1.41904E-3
1.45200E+1   1.42782E-3
1.45268E+1   1.43654E-3
1.45337E+1   1.44525E-3
1.45405E+1   1.45282E-3
1.45473E+1   1.45917E-3
1.45542E+1   1.46569E-3
1.45610E+1   1.47562E-3
1.45678E+1   1.48555E-3
1.45747E+1   1.49404E-3
1.45815E+1   1.50161E-3
1.45883E+1   1.50937E-3
1.45952E+1   1.51809E-3
1.46020E+1   1.52680E-3
1.46088E+1   1.53290E-3
1.46157E+1   1.53804E-3
1.46225E+1   1.54423E-3
1.46293E+1   1.55302E-3
1.46362E+1   1.56180E-3
1.46430E+1   1.56949E-3
1.46498E+1   1.57699E-3
1.46567E+1   1.58401E-3
1.46635E+1   1.59037E-3
1.46703E+1   1.59672E-3
1.46771E+1   1.60189E-3
1.46840E+1   1.60702E-3
1.46908E+1   1.61410E-3
1.46976E+1   1.62289E-3
1.47045E+1   1.63133E-3
1.47113E+1   1.63646E-3
1.47181E+1   1.64160E-3
1.47250E+1   1.64753E-3
1.47318E+1   1.65388E-3
1.47386E+1   1.66023E-3
1.47455E+1   1.66659E-3
1.47523E+1   1.67294E-3
1.47591E+1   1.67834E-3
1.47660E+1   1.68348E-3
1.47728E+1   1.68902E-3
1.47796E+1   1.69538E-3
1.47865E+1   1.70173E-3
1.47933E+1   1.70808E-3
1.48001E+1   1.71443E-3
1.48070E+1   1.72022E-3
1.48138E+1   1.72536E-3
1.48206E+1   1.73047E-3
1.48275E+1   1.73439E-3
1.48343E+1   1.73830E-3
1.48411E+1   1.74364E-3
1.48480E+1   1.74999E-3
1.48548E+1   1.75583E-3
1.48616E+1   1.75861E-3
1.48685E+1   1.76138E-3
1.48753E+1   1.76410E-3
1.48821E+1   1.76680E-3
1.48890E+1   1.77014E-3
1.48958E+1   1.77528E-3
1.49026E+1   1.78041E-3
1.49095E+1   1.78461E-3
1.49163E+1   1.78860E-3
1.49231E+1   1.79303E-3
1.49300E+1   1.79816E-3
1.49368E+1   1.80330E-3
1.49436E+1   1.80498E-3
1.49505E+1   1.80646E-3
1.49573E+1   1.80983E-3
1.49641E+1   1.81504E-3
1.49710E+1   1.82008E-3
1.49778E+1   1.82278E-3
1.49846E+1   1.82548E-3
1.49915E+1   1.82746E-3
1.49983E+1   1.82902E-3
1.50051E+1   1.83057E-3
1.50120E+1   1.83213E-3
1.50188E+1   1.83369E-3
1.50256E+1   1.83610E-3
1.50325E+1   1.83880E-3
1.50393E+1   1.84039E-3
1.50461E+1   1.83951E-3
1.50530E+1   1.83864E-3
1.50598E+1   1.84300E-3
1.50666E+1   1.84813E-3
1.50735E+1   1.85120E-3
1.50803E+1   1.85153E-3
1.50871E+1   1.85187E-3
1.50940E+1   1.85342E-3
1.51008E+1   1.85498E-3
1.51076E+1   1.85653E-3
1.51145E+1   1.85809E-3
1.51213E+1   1.85937E-3
1.51281E+1   1.85849E-3
1.51350E+1   1.85761E-3
1.51418E+1   1.85756E-3
1.51486E+1   1.85790E-3
1.51554E+1   1.85824E-3
1.51623E+1   1.85858E-3
1.51691E+1   1.85891E-3
1.51759E+1   1.85828E-3
1.51828E+1   1.85741E-3
1.51896E+1   1.85696E-3
1.51964E+1   1.85730E-3
1.52033E+1   1.85764E-3
1.52101E+1   1.85798E-3
1.52169E+1   1.85832E-3
1.52238E+1   1.85636E-3
1.52306E+1   1.85191E-3
1.52374E+1   1.84774E-3
1.52443E+1   1.85051E-3
1.52511E+1   1.85329E-3
1.52579E+1   1.85245E-3
1.52648E+1   1.84921E-3
1.52716E+1   1.84596E-3
1.52784E+1   1.84264E-3
1.52853E+1   1.83933E-3
1.52921E+1   1.83783E-3
1.52989E+1   1.83703E-3
1.53058E+1   1.83586E-3
1.53126E+1   1.83376E-3
1.53194E+1   1.83167E-3
1.53263E+1   1.82957E-3
1.53331E+1   1.82748E-3
1.53399E+1   1.82541E-3
1.53468E+1   1.82339E-3
1.53536E+1   1.82137E-3
1.53604E+1   1.81928E-3
1.53673E+1   1.81718E-3
1.53741E+1   1.81320E-3
1.53809E+1   1.80753E-3
1.53878E+1   1.80229E-3
1.53946E+1   1.80148E-3
1.54014E+1   1.80067E-3
1.54083E+1   1.79671E-3
1.54151E+1   1.79104E-3
1.54219E+1   1.78562E-3
1.54288E+1   1.78116E-3
1.54356E+1   1.77671E-3
1.54424E+1   1.77313E-3
1.54493E+1   1.76982E-3
1.54561E+1   1.76613E-3
1.54629E+1   1.76168E-3
1.54698E+1   1.75722E-3
1.54766E+1   1.75385E-3
1.54834E+1   1.75061E-3
1.54903E+1   1.74737E-3
1.54971E+1   1.74413E-3
1.55039E+1   1.74086E-3
1.55108E+1   1.73519E-3
1.55176E+1   1.72951E-3
1.55244E+1   1.72384E-3
1.55313E+1   1.71817E-3
1.55381E+1   1.71250E-3
1.55449E+1   1.70682E-3
1.55518E+1   1.70115E-3
1.55586E+1   1.69717E-3
1.55654E+1   1.69393E-3
1.55723E+1   1.68944E-3
1.55791E+1   1.68134E-3
1.55859E+1   1.67323E-3
1.55928E+1   1.66711E-3
1.55996E+1   1.66144E-3
1.56064E+1   1.65623E-3
1.56132E+1   1.65177E-3
1.56201E+1   1.64732E-3
1.56269E+1   1.63950E-3
1.56337E+1   1.63146E-3
1.56406E+1   1.62522E-3
1.56474E+1   1.62076E-3
1.56542E+1   1.61616E-3
1.56611E+1   1.60927E-3
1.56679E+1   1.60238E-3
1.56747E+1   1.59473E-3
1.56816E+1   1.58663E-3
1.56884E+1   1.57919E-3
1.56952E+1   1.57473E-3
1.57021E+1   1.57027E-3
1.57089E+1   1.56225E-3
1.57157E+1   1.55300E-3
1.57226E+1   1.54484E-3
1.57294E+1   1.53917E-3
1.57362E+1   1.53349E-3
1.57431E+1   1.52578E-3
1.57499E+1   1.51774E-3
1.57567E+1   1.51020E-3
1.57636E+1   1.50331E-3
1.57704E+1   1.49642E-3
1.57772E+1   1.49073E-3
1.57841E+1   1.48505E-3
1.57909E+1   1.47676E-3
1.57977E+1   1.46629E-3
1.58046E+1   1.45634E-3
1.58114E+1   1.45066E-3
1.58182E+1   1.44499E-3
1.58251E+1   1.43774E-3
1.58319E+1   1.42971E-3
1.58387E+1   1.42165E-3
1.58456E+1   1.41355E-3
1.58524E+1   1.40544E-3
1.58592E+1   1.39643E-3
1.58661E+1   1.38718E-3
1.58729E+1   1.37878E-3
1.58797E+1   1.37196E-3
1.58866E+1   1.36514E-3
1.58934E+1   1.35715E-3
1.59002E+1   1.34905E-3
1.59071E+1   1.34097E-3
1.59139E+1   1.33294E-3
1.59207E+1   1.32486E-3
1.59276E+1   1.31554E-3
1.59344E+1   1.30621E-3
1.59412E+1   1.29766E-3
1.59481E+1   1.28962E-3
1.59549E+1   1.28140E-3
1.59617E+1   1.27215E-3
1.59686E+1   1.26290E-3
1.59754E+1   1.25446E-3
1.59822E+1   1.24636E-3
1.59891E+1   1.23827E-3
1.59959E+1   1.23024E-3
1.60027E+1   1.22220E-3
1.60096E+1   1.21417E-3
1.60164E+1   1.20613E-3
1.60232E+1   1.19807E-3
1.60301E+1   1.18996E-3
1.60369E+1   1.18185E-3
1.60437E+1   1.17265E-3
1.60506E+1   1.16340E-3
1.60574E+1   1.15537E-3
1.60642E+1   1.14848E-3
1.60710E+1   1.14141E-3
1.60779E+1   1.13215E-3
1.60847E+1   1.12290E-3
1.60915E+1   1.11365E-3
1.60984E+1   1.10440E-3
1.61052E+1   1.09587E-3
1.61120E+1   1.09020E-3
1.61189E+1   1.08452E-3
1.61257E+1   1.07792E-3
1.61325E+1   1.07103E-3
1.61394E+1   1.06299E-3
1.61462E+1   1.05252E-3
1.61530E+1   1.04205E-3
1.61599E+1   1.03481E-3
1.61667E+1   1.02799E-3
1.61735E+1   1.02060E-3
1.61804E+1   1.01249E-3
1.61872E+1   1.00439E-3
1.61940E+1   9.96353E-4
1.62009E+1   9.88318E-4
1.62077E+1   9.81622E-4
1.62145E+1   9.75949E-4
1.62214E+1   9.69819E-4
1.62282E+1   9.60568E-4
1.62350E+1   9.51316E-4
1.62419E+1   9.42853E-4
1.62487E+1   9.34746E-4
1.62555E+1   9.27550E-4
1.62624E+1   9.23094E-4
1.62692E+1   9.18638E-4
1.62760E+1   9.09311E-4
1.62829E+1   8.98843E-4
1.62897E+1   8.89702E-4
1.62965E+1   8.82812E-4
1.63034E+1   8.75923E-4
1.63102E+1   8.70167E-4
1.63170E+1   8.64494E-4
1.63239E+1   8.56459E-4
1.63307E+1   8.45991E-4
1.63375E+1   8.35782E-4
1.63444E+1   8.30180E-4
1.63512E+1   8.24579E-4
1.63580E+1   8.16692E-4
1.63649E+1   8.07369E-4
1.63717E+1   7.98684E-4
1.63785E+1   7.93012E-4
1.63854E+1   7.87339E-4
1.63922E+1   7.80823E-4
1.63990E+1   7.74005E-4
1.64059E+1   7.67166E-4
1.64127E+1   7.60276E-4
1.64195E+1   7.53387E-4
1.64264E+1   7.46558E-4
1.64332E+1   7.39740E-4
1.64400E+1   7.32892E-4
1.64469E+1   7.26003E-4
1.64537E+1   7.19113E-4
1.64605E+1   7.13415E-4
1.64674E+1   7.07742E-4
1.64742E+1   7.00794E-4
1.64810E+1   6.92759E-4
1.64879E+1   6.85077E-4
1.64947E+1   6.80549E-4
1.65015E+1   6.76022E-4
1.65084E+1   6.69175E-4
1.65152E+1   6.61140E-4
1.65220E+1   6.53630E-4
1.65289E+1   6.47957E-4
1.65357E+1   6.42284E-4
1.65425E+1   6.36611E-4
1.65493E+1   6.30938E-4
1.65562E+1   6.24872E-4
1.65630E+1   6.18054E-4
1.65698E+1   6.11236E-4
1.65767E+1   6.05453E-4
1.65835E+1   5.99780E-4
1.65903E+1   5.94108E-4
1.65972E+1   5.88435E-4
1.66040E+1   5.82794E-4
1.66108E+1   5.78338E-4
1.66177E+1   5.73881E-4
1.66245E+1   5.67997E-4
1.66313E+1   5.61107E-4
1.66382E+1   5.54757E-4
1.66450E+1   5.51518E-4
1.66518E+1   5.48278E-4
1.66587E+1   5.41591E-4
1.66655E+1   5.33484E-4
1.66723E+1   5.26689E-4
1.66792E+1   5.23449E-4
1.66860E+1   5.20210E-4
1.66928E+1   5.13940E-4
1.66997E+1   5.07051E-4
1.67065E+1   5.01112E-4
1.67133E+1   4.96656E-4
1.67202E+1   4.92200E-4
1.67270E+1   4.87744E-4
1.67338E+1   4.83288E-4
1.67407E+1   4.78208E-4
1.67475E+1   4.72535E-4
1.67543E+1   4.67130E-4
1.67612E+1   4.65108E-4
1.67680E+1   4.63085E-4
1.67748E+1   4.57976E-4
1.67817E+1   4.51087E-4
1.67885E+1   4.44908E-4
1.67953E+1   4.41669E-4
1.68022E+1   4.38430E-4
1.68090E+1   4.35136E-4
1.68158E+1   4.31825E-4
1.68227E+1   4.27767E-4
1.68295E+1   4.22094E-4
1.68363E+1   4.16421E-4
1.68432E+1   4.12883E-4
1.68500E+1   4.09644E-4
1.68568E+1   4.05872E-4
1.68637E+1   4.01415E-4
1.68705E+1   3.96959E-4
1.68773E+1   3.93719E-4
1.68842E+1   3.90479E-4
1.68910E+1   3.86519E-4
1.68978E+1   3.81991E-4
1.69047E+1   3.77766E-4
1.69115E+1   3.75743E-4
1.69183E+1   3.73720E-4
1.69252E+1   3.70040E-4
1.69320E+1   3.65584E-4
1.69388E+1   3.60833E-4
1.69457E+1   3.55160E-4
1.69525E+1   3.49487E-4
1.69593E+1   3.46688E-4
1.69662E+1   3.44594E-4
1.69730E+1   3.42083E-4
1.69798E+1   3.38844E-4
1.69867E+1   3.35604E-4
1.69935E+1   3.31240E-4
1.70003E+1   3.26784E-4
1.70071E+1   3.23474E-4
1.70140E+1   3.21380E-4
1.70208E+1   3.19233E-4
1.70276E+1   3.15994E-4
1.70345E+1   3.12754E-4
1.70413E+1   3.08777E-4
1.70481E+1   3.04321E-4
1.70550E+1   3.00465E-4
1.70618E+1   2.99587E-4
1.70686E+1   2.98710E-4
1.70755E+1   2.96112E-4
1.70823E+1   2.92872E-4
1.70891E+1   2.89281E-4
1.70960E+1   2.84825E-4
1.71028E+1   2.80369E-4
1.71096E+1   2.77921E-4
1.71165E+1   2.75827E-4
1.71233E+1   2.74232E-4
1.71301E+1   2.73355E-4
1.71370E+1   2.72478E-4
1.71438E+1   2.69305E-4
1.71506E+1   2.66066E-4
1.71575E+1   2.62826E-4
1.71643E+1   2.59587E-4
1.71711E+1   2.56341E-4
1.71780E+1   2.53030E-4
1.71848E+1   2.49719E-4
1.71916E+1   2.47251E-4
1.71985E+1   2.45229E-4
1.72053E+1   2.43191E-4
1.72121E+1   2.41097E-4
1.72190E+1   2.39002E-4
1.72258E+1   2.37852E-4
1.72326E+1   2.36975E-4
1.72395E+1   2.35712E-4
1.72463E+1   2.33689E-4
1.72531E+1   2.31667E-4
1.72600E+1   2.29580E-4
1.72668E+1   2.27486E-4
1.72736E+1   2.24867E-4
1.72805E+1   2.21628E-4
1.72873E+1   2.18433E-4
1.72941E+1   2.17556E-4
1.73010E+1   2.16678E-4
1.73078E+1   2.15137E-4
1.73146E+1   2.13115E-4
1.73215E+1   2.10911E-4
1.73283E+1   2.07600E-4
1.73351E+1   2.04289E-4
1.73420E+1   2.02735E-4
1.73488E+1   2.01929E-4
1.73556E+1   2.00786E-4
1.73625E+1   1.98692E-4
1.73693E+1   1.96598E-4
1.73761E+1   1.95505E-4
1.73830E+1   1.94627E-4
1.73898E+1   1.93777E-4
1.73966E+1   1.92972E-4
1.74035E+1   1.92166E-4
1.74103E+1   1.90143E-4
1.74171E+1   1.88049E-4
1.74240E+1   1.86570E-4
1.74308E+1   1.85692E-4
1.74376E+1   1.84739E-4
1.74445E+1   1.82717E-4
1.74513E+1   1.80694E-4
1.74581E+1   1.78627E-4
1.74650E+1   1.76532E-4
1.74718E+1   1.74667E-4
1.74786E+1   1.73789E-4
1.74854E+1   1.72912E-4
1.74923E+1   1.70267E-4
1.74991E+1   1.67027E-4
1.75059E+1   1.64142E-4
1.75128E+1   1.62048E-4
1.75196E+1   1.59954E-4
1.75264E+1   1.58981E-4
1.75333E+1   1.58175E-4
1.75401E+1   1.56814E-4
1.75469E+1   1.54720E-4
1.75538E+1   1.52626E-4
1.75606E+1   1.52945E-4
1.75674E+1   1.53285E-4
1.75743E+1   1.52952E-4
1.75811E+1   1.52074E-4
1.75879E+1   1.51067E-4
1.75948E+1   1.49044E-4
1.76016E+1   1.47022E-4
1.76084E+1   1.45771E-4
1.76153E+1   1.44894E-4
1.76221E+1   1.44017E-4
1.76289E+1   1.43139E-4
1.76358E+1   1.42262E-4
1.76426E+1   1.41384E-4
1.76494E+1   1.40507E-4
1.76563E+1   1.39655E-4
1.76631E+1   1.38849E-4
1.76699E+1   1.38044E-4
1.76768E+1   1.36056E-4
1.76836E+1   1.33962E-4
1.76904E+1   1.32449E-4
1.76973E+1   1.31572E-4
1.77041E+1   1.30650E-4
1.77109E+1   1.28627E-4
1.77178E+1   1.26605E-4
1.77246E+1   1.25999E-4
1.77314E+1   1.26338E-4
1.77383E+1   1.26482E-4
1.77451E+1   1.25605E-4
1.77519E+1   1.24728E-4
1.77588E+1   1.23850E-4
1.77656E+1   1.22973E-4
1.77724E+1   1.22096E-4
1.77793E+1   1.21218E-4
1.77861E+1   1.20341E-4
1.77929E+1   1.18498E-4
1.77998E+1   1.16475E-4
1.78066E+1   1.14424E-4
1.78134E+1   1.12330E-4
1.78203E+1   1.10236E-4
1.78271E+1   1.08211E-4
1.78339E+1   1.06188E-4
1.78408E+1   1.05406E-4
1.78476E+1   1.05746E-4
1.78544E+1   1.05875E-4
1.78613E+1   1.03781E-4
1.78681E+1   1.01687E-4
1.78749E+1   1.01955E-4
1.78818E+1   1.03511E-4
1.78886E+1   1.04309E-4
1.78954E+1   1.02214E-4
1.79023E+1   1.00120E-4
1.79091E+1   9.90163E-5
1.79159E+1   9.82105E-5
1.79228E+1   9.69803E-5
1.79296E+1   9.48862E-5
1.79364E+1   9.27920E-5
1.79432E+1   9.39474E-5
1.79501E+1   9.55035E-5
1.79569E+1   9.48969E-5
1.79637E+1   9.16576E-5
1.79706E+1   8.84605E-5
1.79774E+1   8.87999E-5
1.79842E+1   8.91393E-5
1.79911E+1   8.87819E-5
1.79979E+1   8.79046E-5
1.80047E+1   8.71895E-5
1.80116E+1   8.75289E-5
1.80184E+1   8.78683E-5
1.80252E+1   8.56736E-5
1.80321E+1   8.23627E-5
1.80389E+1   7.99827E-5
1.80457E+1   8.03221E-5
1.80526E+1   8.06614E-5
1.80594E+1   7.90739E-5
1.80662E+1   7.70514E-5
1.80731E+1   7.59183E-5
1.80799E+1   7.62577E-5
1.80867E+1   7.65971E-5
1.80936E+1   7.57959E-5
1.81004E+1   7.49185E-5
1.81072E+1   7.46473E-5
1.81141E+1   7.49867E-5
1.81209E+1   7.53261E-5
1.81277E+1   7.56655E-5
1.81346E+1   7.60049E-5
1.81414E+1   7.48803E-5
1.81482E+1   7.28578E-5
1.81551E+1   7.10420E-5
1.81619E+1   7.01646E-5
1.81687E+1   6.92873E-5
1.81756E+1   6.84099E-5
1.81824E+1   6.75325E-5
1.81892E+1   6.66551E-5
1.81961E+1   6.57778E-5
1.82029E+1   6.49004E-5
1.82097E+1   6.61232E-5
1.82166E+1   6.76794E-5
1.82234E+1   6.76884E-5
1.82302E+1   6.55943E-5
1.82371E+1   6.35002E-5
1.82439E+1   6.26745E-5
1.82507E+1   6.18687E-5
1.82576E+1   6.10239E-5
1.82644E+1   6.01465E-5
1.82712E+1   5.92691E-5
1.82781E+1   5.83918E-5
1.82849E+1   5.75144E-5
1.82917E+1   5.66370E-5
1.82986E+1   5.57596E-5
1.83054E+1   5.54367E-5
1.83122E+1   5.69928E-5
1.83191E+1   5.85490E-5
1.83259E+1   5.63233E-5
1.83327E+1   5.30840E-5
1.83396E+1   5.10951E-5
1.83464E+1   5.14345E-5
1.83532E+1   5.17739E-5
1.83601E+1   5.10058E-5
1.83669E+1   5.01284E-5
1.83737E+1   4.86779E-5
1.83806E+1   4.65837E-5
1.83874E+1   4.45671E-5
1.83942E+1   4.49065E-5
1.84010E+1   4.52458E-5
1.84079E+1   4.55852E-5
1.84147E+1   4.59246E-5
1.84215E+1   4.60883E-5
1.84284E+1   4.52825E-5
1.84352E+1   4.44767E-5
1.84420E+1   4.36198E-5
1.84489E+1   4.27424E-5
1.84557E+1   4.15304E-5
1.84625E+1   3.94362E-5
1.84694E+1   3.73421E-5
1.84762E+1   3.72820E-5
1.84830E+1   3.76214E-5
1.84899E+1   3.75065E-5
1.84967E+1   3.67007E-5
1.85035E+1   3.58949E-5
1.85104E+1   3.50206E-5
1.85172E+1   3.41432E-5
1.85240E+1   3.32659E-5
1.85309E+1   3.23885E-5
1.85377E+1   3.16073E-5
1.85445E+1   3.19467E-5
1.85514E+1   3.22861E-5
1.85582E+1   3.18469E-5
1.85650E+1   3.09695E-5
1.85719E+1   2.98624E-5
1.85787E+1   2.78398E-5
1.85855E+1   2.58172E-5
1.85924E+1   2.64652E-5
1.85992E+1   2.79498E-5
1.86060E+1   2.83042E-5
1.86129E+1   2.62816E-5
1.86197E+1   2.42590E-5
1.86265E+1   2.32477E-5
1.86334E+1   2.23704E-5
1.86402E+1   2.14930E-5
1.86470E+1   2.06156E-5
1.86539E+1   1.97439E-5
1.86607E+1   2.00833E-5
1.86675E+1   2.04227E-5
1.86744E+1   2.01145E-5
1.86812E+1   1.93087E-5
1.86880E+1   1.83402E-5
1.86949E+1   1.62461E-5
1.87017E+1   1.41520E-5
1.87085E+1   1.37298E-5
1.87154E+1   1.40692E-5
1.87222E+1   1.44086E-5
1.87290E+1   1.47480E-5
1.87359E+1   1.50873E-5
1.87427E+1   1.34588E-5
1.87495E+1   1.13647E-5
1.87564E+1   9.74654E-6
1.87632E+1   8.94074E-6
1.87700E+1   8.13494E-6
1.87769E+1   1.05917E-5
1.87837E+1   1.32930E-5
1.87905E+1   1.36747E-5
1.87974E+1   1.16521E-5
1.88042E+1   9.75202E-6
1.88110E+1   1.00914E-5
1.88179E+1   1.04308E-5
1.88247E+1   1.14718E-5
1.88315E+1   1.29564E-5
1.88384E+1   1.38326E-5
1.88452E+1   1.18100E-5
1.88520E+1   9.78748E-6
1.88589E+1   9.49921E-6
1.88657E+1   9.83860E-6
1.88725E+1   9.81896E-6
1.88793E+1   8.94159E-6
1.88862E+1   8.06421E-6
1.88930E+1   5.16532E-6
1.88998E+1   1.92598E-6
1.89067E+1   1.16193E-6
1.89135E+1   3.86328E-6
1.89203E+1   6.56463E-6
1.89272E+1   3.97044E-6
1.89340E+1   1.25418E-6
1.89408E+1   5.56076E-7
1.89477E+1   1.58916E-6
1.89545E+1   2.43297E-6
1.89613E+1   1.55559E-6
1.89682E+1   6.78217E-7
1.89750E+1   6.03750E-7
1.89818E+1   9.43140E-7
1.89887E+1   1.09838E-6
1.89955E+1   6.03287E-7
1.90023E+1   1.08191E-7
1.90092E+1   9.17352E-7
1.90160E+1   2.09123E-6
1.90228E+1   3.39595E-6
1.90297E+1   4.95210E-6
1.90365E+1   6.50826E-6
1.90433E+1   5.86675E-6
1.90502E+1   4.98938E-6
1.90570E+1   4.11200E-6
1.90638E+1   3.23462E-6
1.90707E+1   2.38728E-6
1.90775E+1   2.72667E-6
1.90843E+1   3.06606E-6
1.90912E+1   2.02257E-6
1.90980E+1   0.00000E+0
