1.41771E+1   0.00000E+0
1.41821E+1   3.00230E-6
1.41872E+1   6.00459E-6
1.41923E+1   7.76180E-6
1.41973E+1   7.20901E-6
1.42024E+1   6.65622E-6
1.42075E+1   6.20844E-6
1.42125E+1   7.40666E-6
1.42176E+1   8.60488E-6
1.42227E+1   9.80310E-6
1.42277E+1   7.72118E-6
1.42328E+1   4.65788E-6
1.42379E+1   1.59458E-6
1.42429E+1   5.06151E-7
1.42480E+1   1.56183E-6
1.42531E+1   2.61751E-6
1.42581E+1   3.36886E-6
1.42632E+1   2.81607E-6
1.42683E+1   2.26328E-6
1.42733E+1   1.71049E-6
1.42784E+1   2.77945E-6
1.42835E+1   4.03074E-6
1.42885E+1   5.28202E-6
1.42936E+1   5.98425E-6
1.42986E+1   6.33349E-6
1.43037E+1   6.68274E-6
1.43088E+1   6.74475E-6
1.43138E+1   6.19196E-6
1.43189E+1   5.63916E-6
1.43240E+1   5.08637E-6
1.43290E+1   4.53358E-6
1.43341E+1   3.98079E-6
1.43392E+1   3.42800E-6
1.43442E+1   3.54083E-6
1.43493E+1   3.89008E-6
1.43544E+1   4.23932E-6
1.43594E+1   4.96862E-6
1.43645E+1   6.16684E-6
1.43696E+1   7.36506E-6
1.43746E+1   8.14569E-6
1.43797E+1   6.69086E-6
1.43848E+1   5.23603E-6
1.43898E+1   3.78120E-6
1.43949E+1   4.67297E-6
1.44000E+1   5.92425E-6
1.44050E+1   7.17553E-6
1.44101E+1   7.90644E-6
1.44152E+1   8.25569E-6
1.44202E+1   8.60493E-6
1.44253E+1   9.19752E-6
1.44304E+1   1.03957E-5
1.44354E+1   1.15940E-5
1.44405E+1   1.27922E-5
1.44455E+1   1.13470E-5
1.44506E+1   9.89215E-6
1.44557E+1   8.43732E-6
1.44607E+1   8.89332E-6
1.44658E+1   1.01446E-5
1.44709E+1   1.13959E-5
1.44759E+1   1.22720E-5
1.44810E+1   1.26213E-5
1.44861E+1   1.29705E-5
1.44911E+1   1.30932E-5
1.44962E+1   1.16384E-5
1.45013E+1   1.01835E-5
1.45063E+1   8.72870E-6
1.45114E+1   9.53441E-6
1.45165E+1   1.07857E-5
1.45215E+1   1.20370E-5
1.45266E+1   1.23049E-5
1.45317E+1   1.17521E-5
1.45367E+1   1.11993E-5
1.45418E+1   1.13226E-5
1.45469E+1   1.34228E-5
1.45519E+1   1.55231E-5
1.45570E+1   1.76234E-5
1.45621E+1   1.71646E-5
1.45671E+1   1.66118E-5
1.45722E+1   1.60590E-5
1.45772E+1   1.66869E-5
1.45823E+1   1.78851E-5
1.45874E+1   1.90834E-5
1.45924E+1   1.99555E-5
1.45975E+1   2.03048E-5
1.46026E+1   2.06540E-5
1.46076E+1   2.09186E-5
1.46127E+1   2.03659E-5
1.46178E+1   1.98131E-5
1.46228E+1   1.92603E-5
1.46279E+1   2.08820E-5
1.46330E+1   2.30353E-5
1.46380E+1   2.51886E-5
1.46431E+1   2.59529E-5
1.46482E+1   2.54001E-5
1.46532E+1   2.48473E-5
1.46583E+1   2.46851E-5
1.46634E+1   2.58833E-5
1.46684E+1   2.70815E-5
1.46735E+1   2.82797E-5
1.46786E+1   2.78447E-5
1.46836E+1   2.72919E-5
1.46887E+1   2.67391E-5
1.46938E+1   2.84705E-5
1.46988E+1   3.14728E-5
1.47039E+1   3.44751E-5
1.47090E+1   3.62251E-5
1.47140E+1   3.56723E-5
1.47191E+1   3.51195E-5
1.47241E+1   3.47345E-5
1.47292E+1   3.68878E-5
1.47343E+1   3.90411E-5
1.47393E+1   4.11944E-5
1.47444E+1   4.12593E-5
1.47495E+1   4.07065E-5
1.47545E+1   4.01537E-5
1.47596E+1   4.08784E-5
1.47647E+1   4.29786E-5
1.47697E+1   4.50789E-5
1.47748E+1   4.68443E-5
1.47799E+1   4.71935E-5
1.47849E+1   4.75428E-5
1.47900E+1   4.78920E-5
1.47951E+1   4.90062E-5
1.48001E+1   5.02044E-5
1.48052E+1   5.14026E-5
1.48103E+1   5.20824E-5
1.48153E+1   5.24316E-5
1.48204E+1   5.27809E-5
1.48255E+1   5.36912E-5
1.48305E+1   5.57915E-5
1.48356E+1   5.78918E-5
1.48407E+1   5.99391E-5
1.48457E+1   6.02884E-5
1.48508E+1   6.06376E-5
1.48558E+1   6.09869E-5
1.48609E+1   6.13361E-5
1.48660E+1   6.16853E-5
1.48710E+1   6.20346E-5
1.48761E+1   6.27656E-5
1.48812E+1   6.39638E-5
1.48862E+1   6.51621E-5
1.48913E+1   6.63687E-5
1.48964E+1   6.76200E-5
1.49014E+1   6.88713E-5
1.49065E+1   7.01226E-5
1.49116E+1   7.13739E-5
1.49166E+1   7.26252E-5
1.49217E+1   7.38764E-5
1.49268E+1   7.50970E-5
1.49318E+1   7.62952E-5
1.49369E+1   7.74935E-5
1.49420E+1   7.92125E-5
1.49470E+1   8.22148E-5
1.49521E+1   8.52170E-5
1.49572E+1   8.82193E-5
1.49622E+1   8.85728E-5
1.49673E+1   8.89220E-5
1.49724E+1   8.92713E-5
1.49774E+1   9.21381E-5
1.49825E+1   9.60424E-5
1.49876E+1   9.99468E-5
1.49926E+1   1.02720E-4
1.49977E+1   1.03918E-4
1.50027E+1   1.05117E-4
1.50078E+1   1.06437E-4
1.50129E+1   1.08590E-4
1.50179E+1   1.10743E-4
1.50230E+1   1.12897E-4
1.50281E+1   1.15006E-4
1.50331E+1   1.17106E-4
1.50382E+1   1.19206E-4
1.50433E+1   1.21800E-4
1.50483E+1   1.24802E-4
1.50534E+1   1.27805E-4
1.50585E+1   1.30125E-4
1.50635E+1   1.30475E-4
1.50686E+1   1.30824E-4
1.50737E+1   1.31173E-4
1.50787E+1   1.34087E-4
1.50838E+1   1.37089E-4
1.50889E+1   1.40091E-4
1.50939E+1   1.44314E-4
1.50990E+1   1.49120E-4
1.51041E+1   1.53927E-4
1.51091E+1   1.57688E-4
1.51142E+1   1.59788E-4
1.51193E+1   1.61889E-4
1.51243E+1   1.63989E-4
1.51294E+1   1.66089E-4
1.51344E+1   1.68189E-4
1.51395E+1   1.70290E-4
1.51446E+1   1.73117E-4
1.51496E+1   1.76119E-4
1.51547E+1   1.79121E-4
1.51598E+1   1.82588E-4
1.51648E+1   1.86493E-4
1.51699E+1   1.90397E-4
1.51750E+1   1.94301E-4
1.51800E+1   1.98206E-4
1.51851E+1   2.02110E-4
1.51902E+1   2.06014E-4
1.51952E+1   2.09075E-4
1.52003E+1   2.12078E-4
1.52054E+1   2.15080E-4
1.52104E+1   2.19245E-4
1.52155E+1   2.24052E-4
1.52206E+1   2.28858E-4
1.52256E+1   2.33025E-4
1.52307E+1   2.36027E-4
1.52358E+1   2.39030E-4
1.52408E+1   2.42205E-4
1.52459E+1   2.47914E-4
1.52510E+1   2.53622E-4
1.52560E+1   2.59331E-4
1.52611E+1   2.63602E-4
1.52662E+1   2.67453E-4
1.52712E+1   2.71305E-4
1.52763E+1   2.76054E-4
1.52813E+1   2.81762E-4
1.52864E+1   2.87471E-4
1.52915E+1   2.92830E-4
1.52965E+1   2.96735E-4
1.53016E+1   3.00639E-4
1.53067E+1   3.04543E-4
1.53117E+1   3.10843E-4
1.53168E+1   3.17401E-4
1.53219E+1   3.23958E-4
1.53269E+1   3.28890E-4
1.53320E+1   3.32794E-4
1.53371E+1   3.36699E-4
1.53421E+1   3.41168E-4
1.53472E+1   3.46823E-4
1.53523E+1   3.52478E-4
1.53573E+1   3.58135E-4
1.53624E+1   3.63844E-4
1.53675E+1   3.69552E-4
1.53725E+1   3.75261E-4
1.53776E+1   3.81599E-4
1.53827E+1   3.88156E-4
1.53877E+1   3.94714E-4
1.53928E+1   4.00480E-4
1.53979E+1   4.05286E-4
1.54029E+1   4.10093E-4
1.54080E+1   4.15182E-4
1.54131E+1   4.21739E-4
1.54181E+1   4.28297E-4
1.54232E+1   4.34854E-4
1.54282E+1   4.40626E-4
1.54333E+1   4.46281E-4
1.54384E+1   4.51936E-4
1.54434E+1   4.58640E-4
1.54485E+1   4.66099E-4
1.54536E+1   4.73559E-4
1.54586E+1   4.81018E-4
1.54637E+1   4.88477E-4
1.54688E+1   4.95937E-4
1.54738E+1   5.03396E-4
1.54789E+1   5.10006E-4
1.54840E+1   5.16617E-4
1.54890E+1   5.23227E-4
1.54941E+1   5.30441E-4
1.54992E+1   5.37900E-4
1.55042E+1   5.45359E-4
1.55093E+1   5.53554E-4
1.55144E+1   5.62765E-4
1.55194E+1   5.71975E-4
1.55245E+1   5.80841E-4
1.55296E+1   5.87399E-4
1.55346E+1   5.93956E-4
1.55397E+1   6.00514E-4
1.55448E+1   6.10100E-4
1.55498E+1   6.20265E-4
1.55549E+1   6.30431E-4
1.55599E+1   6.39110E-4
1.55650E+1   6.46570E-4
1.55701E+1   6.54029E-4
1.55751E+1   6.62175E-4
1.55802E+1   6.72288E-4
1.55853E+1   6.82400E-4
1.55903E+1   6.92513E-4
1.55954E+1   7.01752E-4
1.56005E+1   7.10962E-4
1.56055E+1   7.20172E-4
1.56106E+1   7.28807E-4
1.56157E+1   7.37168E-4
1.56207E+1   7.45530E-4
1.56258E+1   7.54592E-4
1.56309E+1   7.64757E-4
1.56359E+1   7.74923E-4
1.56410E+1   7.84906E-4
1.56461E+1   7.93215E-4
1.56511E+1   8.01523E-4
1.56562E+1   8.09832E-4
1.56613E+1   8.20325E-4
1.56663E+1   8.31340E-4
1.56714E+1   8.42355E-4
1.56765E+1   8.53396E-4
1.56815E+1   8.64464E-4
1.56866E+1   8.75532E-4
1.56917E+1   8.86587E-4
1.56967E+1   8.97602E-4
1.57018E+1   9.08616E-4
1.57068E+1   9.19631E-4
1.57119E+1   9.29800E-4
1.57170E+1   9.39913E-4
1.57220E+1   9.50025E-4
1.57271E+1   9.61887E-4
1.57322E+1   9.74706E-4
1.57372E+1   9.87524E-4
1.57423E+1   9.99379E-4
1.57474E+1   1.00949E-3
1.57524E+1   1.01960E-3
1.57575E+1   1.02989E-3
1.57626E+1   1.04271E-3
1.57676E+1   1.05553E-3
1.57727E+1   1.06835E-3
1.57778E+1   1.08113E-3
1.57828E+1   1.09389E-3
1.57879E+1   1.10666E-3
1.57930E+1   1.11945E-3
1.57980E+1   1.13227E-3
1.58031E+1   1.14509E-3
1.58082E+1   1.15773E-3
1.58132E+1   1.16965E-3
1.58183E+1   1.18156E-3
1.58234E+1   1.19348E-3
1.58284E+1   1.20698E-3
1.58335E+1   1.22065E-3
1.58385E+1   1.23432E-3
1.58436E+1   1.24746E-3
1.58487E+1   1.26028E-3
1.58537E+1   1.27310E-3
1.58588E+1   1.28592E-3
1.58639E+1   1.29874E-3
1.58689E+1   1.31155E-3
1.58740E+1   1.32440E-3
1.58791E+1   1.33807E-3
1.58841E+1   1.35174E-3
1.58892E+1   1.36541E-3
1.58943E+1   1.37844E-3
1.58993E+1   1.39126E-3
1.59044E+1   1.40408E-3
1.59095E+1   1.41849E-3
1.59145E+1   1.43481E-3
1.59196E+1   1.45113E-3
1.59247E+1   1.46717E-3
1.59297E+1   1.48179E-3
1.59348E+1   1.49642E-3
1.59399E+1   1.51104E-3
1.59449E+1   1.52015E-3
1.59500E+1   1.52846E-3
1.59551E+1   1.53676E-3
1.59601E+1   1.54718E-3
1.59652E+1   1.55909E-3
1.59703E+1   1.57101E-3
1.59753E+1   1.58372E-3
1.59804E+1   1.59834E-3
1.59854E+1   1.61296E-3
1.59905E+1   1.62759E-3
1.59956E+1   1.64215E-3
1.60006E+1   1.65672E-3
1.60057E+1   1.67129E-3
1.60108E+1   1.68522E-3
1.60158E+1   1.69889E-3
1.60209E+1   1.71256E-3
1.60260E+1   1.72625E-3
1.60310E+1   1.73997E-3
1.60361E+1   1.75369E-3
1.60412E+1   1.76740E-3
1.60462E+1   1.78107E-3
1.60513E+1   1.79474E-3
1.60564E+1   1.80840E-3
1.60614E+1   1.82207E-3
1.60665E+1   1.83574E-3
1.60716E+1   1.84941E-3
1.60766E+1   1.86360E-3
1.60817E+1   1.87822E-3
1.60868E+1   1.89285E-3
1.60918E+1   1.90676E-3
1.60969E+1   1.91868E-3
1.61020E+1   1.93060E-3
1.61070E+1   1.94251E-3
1.61121E+1   1.95613E-3
1.61171E+1   1.96980E-3
1.61222E+1   1.98346E-3
1.61273E+1   1.99713E-3
1.61323E+1   2.01080E-3
1.61374E+1   2.02447E-3
1.61425E+1   2.03745E-3
1.61475E+1   2.04937E-3
1.61526E+1   2.06128E-3
1.61577E+1   2.07329E-3
1.61627E+1   2.08611E-3
1.61678E+1   2.09893E-3
1.61729E+1   2.11175E-3
1.61779E+1   2.12525E-3
1.61830E+1   2.13892E-3
1.61881E+1   2.15259E-3
1.61931E+1   2.16581E-3
1.61982E+1   2.17863E-3
1.62033E+1   2.19145E-3
1.62083E+1   2.20406E-3
1.62134E+1   2.21598E-3
1.62185E+1   2.22790E-3
1.62235E+1   2.23981E-3
1.62286E+1   2.25003E-3
1.62337E+1   2.26015E-3
1.62387E+1   2.27026E-3
1.62438E+1   2.28213E-3
1.62489E+1   2.29495E-3
1.62539E+1   2.30776E-3
1.62590E+1   2.32026E-3
1.62640E+1   2.33218E-3
1.62691E+1   2.34409E-3
1.62742E+1   2.35583E-3
1.62792E+1   2.36504E-3
1.62843E+1   2.37425E-3
1.62894E+1   2.38346E-3
1.62944E+1   2.39407E-3
1.62995E+1   2.40509E-3
1.63046E+1   2.41610E-3
1.63096E+1   2.42626E-3
1.63147E+1   2.43552E-3
1.63198E+1   2.44479E-3
1.63248E+1   2.45440E-3
1.63299E+1   2.46541E-3
1.63350E+1   2.47643E-3
1.63400E+1   2.48744E-3
1.63451E+1   2.49523E-3
1.63502E+1   2.50269E-3
1.63552E+1   2.51015E-3
1.63603E+1   2.51816E-3
1.63654E+1   2.52653E-3
1.63704E+1   2.53489E-3
1.63755E+1   2.54325E-3
1.63806E+1   2.55161E-3
1.63856E+1   2.55997E-3
1.63907E+1   2.56823E-3
1.63957E+1   2.57389E-3
1.64008E+1   2.57955E-3
1.64059E+1   2.58520E-3
1.64109E+1   2.59220E-3
1.64160E+1   2.59966E-3
1.64211E+1   2.60712E-3
1.64261E+1   2.61337E-3
1.64312E+1   2.61818E-3
1.64363E+1   2.62298E-3
1.64413E+1   2.62793E-3
1.64464E+1   2.63359E-3
1.64515E+1   2.63924E-3
1.64565E+1   2.64490E-3
1.64616E+1   2.64981E-3
1.64667E+1   2.65462E-3
1.64717E+1   2.65942E-3
1.64768E+1   2.66370E-3
1.64819E+1   2.66760E-3
1.64869E+1   2.67151E-3
1.64920E+1   2.67541E-3
1.64971E+1   2.67932E-3
1.65021E+1   2.68322E-3
1.65072E+1   2.68712E-3
1.65123E+1   2.68922E-3
1.65173E+1   2.69132E-3
1.65224E+1   2.69342E-3
1.65275E+1   2.69616E-3
1.65325E+1   2.69917E-3
1.65376E+1   2.70217E-3
1.65426E+1   2.70405E-3
1.65477E+1   2.70439E-3
1.65528E+1   2.70474E-3
1.65578E+1   2.70533E-3
1.65629E+1   2.70743E-3
1.65680E+1   2.70953E-3
1.65730E+1   2.71163E-3
1.65781E+1   2.71149E-3
1.65832E+1   2.71094E-3
1.65882E+1   2.71039E-3
1.65933E+1   2.70983E-3
1.65984E+1   2.70928E-3
1.66034E+1   2.70873E-3
1.66085E+1   2.70817E-3
1.66136E+1   2.70762E-3
1.66186E+1   2.70707E-3
1.66237E+1   2.70652E-3
1.66288E+1   2.70509E-3
1.66338E+1   2.70363E-3
1.66389E+1   2.70218E-3
1.66440E+1   2.70076E-3
1.66490E+1   2.69936E-3
1.66541E+1   2.69795E-3
1.66592E+1   2.69618E-3
1.66642E+1   2.69382E-3
1.66693E+1   2.69146E-3
1.66743E+1   2.68893E-3
1.66794E+1   2.68482E-3
1.66845E+1   2.68071E-3
1.66895E+1   2.67660E-3
1.66946E+1   2.67323E-3
1.66997E+1   2.67002E-3
1.67047E+1   2.66682E-3
1.67098E+1   2.66267E-3
1.67149E+1   2.65766E-3
1.67199E+1   2.65265E-3
1.67250E+1   2.64764E-3
1.67301E+1   2.64263E-3
1.67351E+1   2.63762E-3
1.67402E+1   2.63261E-3
1.67453E+1   2.62675E-3
1.67503E+1   2.62084E-3
1.67554E+1   2.61493E-3
1.67605E+1   2.60729E-3
1.67655E+1   2.59872E-3
1.67706E+1   2.59016E-3
1.67757E+1   2.58288E-3
1.67807E+1   2.57787E-3
1.67858E+1   2.57286E-3
1.67909E+1   2.56766E-3
1.67959E+1   2.56000E-3
1.68010E+1   2.55233E-3
1.68061E+1   2.54467E-3
1.68111E+1   2.53560E-3
1.68162E+1   2.52613E-3
1.68212E+1   2.51667E-3
1.68263E+1   2.50853E-3
1.68314E+1   2.50176E-3
1.68364E+1   2.49500E-3
1.68415E+1   2.48752E-3
1.68466E+1   2.47715E-3
1.68516E+1   2.46679E-3
1.68567E+1   2.45642E-3
1.68618E+1   2.44692E-3
1.68668E+1   2.43750E-3
1.68719E+1   2.42809E-3
1.68770E+1   2.41752E-3
1.68820E+1   2.40625E-3
1.68871E+1   2.39498E-3
1.68922E+1   2.38402E-3
1.68972E+1   2.37371E-3
1.69023E+1   2.36339E-3
1.69074E+1   2.35307E-3
1.69124E+1   2.34271E-3
1.69175E+1   2.33234E-3
1.69226E+1   2.32197E-3
1.69276E+1   2.31029E-3
1.69327E+1   2.29817E-3
1.69378E+1   2.28605E-3
1.69428E+1   2.27393E-3
1.69479E+1   2.26181E-3
1.69530E+1   2.24969E-3
1.69580E+1   2.23801E-3
1.69631E+1   2.22855E-3
1.69681E+1   2.21908E-3
1.69732E+1   2.20961E-3
1.69783E+1   2.19549E-3
1.69833E+1   2.18072E-3
1.69884E+1   2.16594E-3
1.69935E+1   2.15273E-3
1.69985E+1   2.14061E-3
1.70036E+1   2.12849E-3
1.70087E+1   2.11610E-3
1.70137E+1   2.10308E-3
1.70188E+1   2.09005E-3
1.70239E+1   2.07703E-3
1.70289E+1   2.06401E-3
1.70340E+1   2.05099E-3
1.70391E+1   2.03797E-3
1.70441E+1   2.02559E-3
1.70492E+1   2.01347E-3
1.70543E+1   2.00135E-3
1.70593E+1   1.98846E-3
1.70644E+1   1.97454E-3
1.70695E+1   1.96061E-3
1.70745E+1   1.94657E-3
1.70796E+1   1.93180E-3
1.70847E+1   1.91703E-3
1.70897E+1   1.90225E-3
1.70948E+1   1.88972E-3
1.70998E+1   1.87760E-3
1.71049E+1   1.86548E-3
1.71100E+1   1.85186E-3
1.71150E+1   1.83703E-3
1.71201E+1   1.82221E-3
1.71252E+1   1.80786E-3
1.71302E+1   1.79484E-3
1.71353E+1   1.78182E-3
1.71404E+1   1.76879E-3
1.71454E+1   1.75577E-3
1.71505E+1   1.74275E-3
1.71556E+1   1.72973E-3
1.71606E+1   1.71551E-3
1.71657E+1   1.70073E-3
1.71708E+1   1.68596E-3
1.71758E+1   1.67119E-3
1.71809E+1   1.65641E-3
1.71860E+1   1.64164E-3
1.71910E+1   1.62705E-3
1.71961E+1   1.61403E-3
1.72012E+1   1.60101E-3
1.72062E+1   1.58798E-3
1.72113E+1   1.57276E-3
1.72164E+1   1.55703E-3
1.72214E+1   1.54130E-3
1.72265E+1   1.52607E-3
1.72316E+1   1.51130E-3
1.72366E+1   1.49653E-3
1.72417E+1   1.48237E-3
1.72467E+1   1.47025E-3
1.72518E+1   1.45813E-3
1.72569E+1   1.44601E-3
1.72619E+1   1.43474E-3
1.72670E+1   1.42353E-3
1.72721E+1   1.41231E-3
1.72771E+1   1.40047E-3
1.72822E+1   1.38829E-3
1.72873E+1   1.37612E-3
1.72923E+1   1.36333E-3
1.72974E+1   1.34946E-3
1.73025E+1   1.33559E-3
1.73075E+1   1.32178E-3
1.73126E+1   1.30876E-3
1.73177E+1   1.29574E-3
1.73227E+1   1.28271E-3
1.73278E+1   1.26899E-3
1.73329E+1   1.25506E-3
1.73379E+1   1.24114E-3
1.73430E+1   1.22766E-3
1.73481E+1   1.21463E-3
1.73531E+1   1.20161E-3
1.73582E+1   1.18895E-3
1.73633E+1   1.17774E-3
1.73683E+1   1.16652E-3
1.73734E+1   1.15530E-3
1.73784E+1   1.14244E-3
1.73835E+1   1.12942E-3
1.73886E+1   1.11639E-3
1.73936E+1   1.10393E-3
1.73987E+1   1.09181E-3
1.74038E+1   1.07969E-3
1.74088E+1   1.06787E-3
1.74139E+1   1.05665E-3
1.74190E+1   1.04543E-3
1.74240E+1   1.03418E-3
1.74291E+1   1.02206E-3
1.74342E+1   1.00994E-3
1.74392E+1   9.97819E-4
1.74443E+1   9.86336E-4
1.74494E+1   9.75064E-4
1.74544E+1   9.63793E-4
1.74595E+1   9.52961E-4
1.74646E+1   9.42645E-4
1.74696E+1   9.32329E-4
1.74747E+1   9.22004E-4
1.74798E+1   9.11635E-4
1.74848E+1   9.01266E-4
1.74899E+1   8.90897E-4
1.74950E+1   8.80575E-4
1.75000E+1   8.70259E-4
1.75051E+1   8.59943E-4
1.75102E+1   8.50127E-4
1.75152E+1   8.40660E-4
1.75203E+1   8.31193E-4
1.75253E+1   8.21202E-4
1.75304E+1   8.09984E-4
1.75355E+1   7.98766E-4
1.75405E+1   7.87563E-4
1.75456E+1   7.78096E-4
1.75507E+1   7.68629E-4
1.75557E+1   7.59162E-4
1.75608E+1   7.50343E-4
1.75659E+1   7.41778E-4
1.75709E+1   7.33213E-4
1.75760E+1   7.24648E-4
1.75811E+1   7.16083E-4
1.75861E+1   7.07518E-4
1.75912E+1   6.98953E-4
1.75963E+1   6.90388E-4
1.76013E+1   6.81823E-4
1.76064E+1   6.73258E-4
1.76115E+1   6.64693E-4
1.76165E+1   6.56128E-4
1.76216E+1   6.47563E-4
1.76267E+1   6.38495E-4
1.76317E+1   6.29028E-4
1.76368E+1   6.19561E-4
1.76419E+1   6.10576E-4
1.76469E+1   6.02913E-4
1.76520E+1   5.95250E-4
1.76570E+1   5.87587E-4
1.76621E+1   5.80753E-4
1.76672E+1   5.73939E-4
1.76722E+1   5.67125E-4
1.76773E+1   5.59729E-4
1.76824E+1   5.52066E-4
1.76874E+1   5.44403E-4
1.76925E+1   5.36740E-4
1.76976E+1   5.29077E-4
1.77026E+1   5.21414E-4
1.77077E+1   5.13936E-4
1.77128E+1   5.08024E-4
1.77178E+1   5.02113E-4
1.77229E+1   4.96201E-4
1.77280E+1   4.90332E-4
1.77330E+1   4.84473E-4
1.77381E+1   4.78614E-4
1.77432E+1   4.71779E-4
1.77482E+1   4.64063E-4
1.77533E+1   4.56347E-4
1.77584E+1   4.49068E-4
1.77634E+1   4.43209E-4
1.77685E+1   4.37350E-4
1.77736E+1   4.31491E-4
1.77786E+1   4.26435E-4
1.77837E+1   4.21425E-4
1.77888E+1   4.16415E-4
1.77938E+1   4.10814E-4
1.77989E+1   4.04902E-4
1.78039E+1   3.98991E-4
1.78090E+1   3.93736E-4
1.78141E+1   3.89628E-4
1.78191E+1   3.85520E-4
1.78242E+1   3.81279E-4
1.78293E+1   3.75367E-4
1.78343E+1   3.69455E-4
1.78394E+1   3.63543E-4
1.78445E+1   3.58380E-4
1.78495E+1   3.53423E-4
1.78546E+1   3.48466E-4
1.78597E+1   3.43483E-4
1.78647E+1   3.38473E-4
1.78698E+1   3.33463E-4
1.78749E+1   3.28453E-4
1.78799E+1   3.23443E-4
1.78850E+1   3.18433E-4
1.78901E+1   3.13423E-4
1.78951E+1   3.10012E-4
1.79002E+1   3.06753E-4
1.79053E+1   3.03495E-4
1.79103E+1   2.99178E-4
1.79154E+1   2.94221E-4
1.79205E+1   2.89264E-4
1.79255E+1   2.84872E-4
1.79306E+1   2.81613E-4
1.79356E+1   2.78354E-4
1.79407E+1   2.75098E-4
1.79458E+1   2.71892E-4
1.79508E+1   2.68686E-4
1.79559E+1   2.65480E-4
1.79610E+1   2.61596E-4
1.79660E+1   2.57488E-4
1.79711E+1   2.53380E-4
1.79762E+1   2.49664E-4
1.79812E+1   2.46406E-4
1.79863E+1   2.43147E-4
1.79914E+1   2.39897E-4
1.79964E+1   2.36691E-4
1.80015E+1   2.33485E-4
1.80066E+1   2.30279E-4
1.80116E+1   2.27073E-4
1.80167E+1   2.23868E-4
1.80218E+1   2.20662E-4
1.80268E+1   2.17425E-4
1.80319E+1   2.14166E-4
1.80370E+1   2.10907E-4
1.80420E+1   2.07664E-4
1.80471E+1   2.04458E-4
1.80522E+1   2.01252E-4
1.80572E+1   1.98065E-4
1.80623E+1   1.96610E-4
1.80674E+1   1.95155E-4
1.80724E+1   1.93700E-4
1.80775E+1   1.89685E-4
1.80825E+1   1.84675E-4
1.80876E+1   1.79665E-4
1.80927E+1   1.75819E-4
1.80977E+1   1.73515E-4
1.81028E+1   1.71211E-4
1.81079E+1   1.69152E-4
1.81129E+1   1.68600E-4
1.81180E+1   1.68047E-4
1.81231E+1   1.67494E-4
1.81281E+1   1.65408E-4
1.81332E+1   1.63052E-4
1.81383E+1   1.60695E-4
1.81433E+1   1.57863E-4
1.81484E+1   1.54657E-4
1.81535E+1   1.51451E-4
1.81585E+1   1.48959E-4
1.81636E+1   1.48407E-4
1.81687E+1   1.47854E-4
1.81737E+1   1.47301E-4
1.81788E+1   1.44982E-4
1.81839E+1   1.42625E-4
1.81889E+1   1.40268E-4
1.81940E+1   1.37948E-4
1.81991E+1   1.35644E-4
1.82041E+1   1.33341E-4
1.82092E+1   1.31734E-4
1.82142E+1   1.31181E-4
1.82193E+1   1.30629E-4
1.82244E+1   1.29881E-4
1.82294E+1   1.27524E-4
1.82345E+1   1.25167E-4
1.82396E+1   1.22810E-4
1.82446E+1   1.22667E-4
1.82497E+1   1.23016E-4
1.82548E+1   1.23365E-4
1.82598E+1   1.21839E-4
1.82649E+1   1.18633E-4
1.82700E+1   1.15427E-4
1.82750E+1   1.12851E-4
1.82801E+1   1.12298E-4
1.82852E+1   1.11745E-4
1.82902E+1   1.11192E-4
1.82953E+1   1.08931E-4
1.83004E+1   1.06574E-4
1.83054E+1   1.04217E-4
1.83105E+1   1.02453E-4
1.83156E+1   1.00998E-4
1.83206E+1   9.95433E-5
1.83257E+1   9.84191E-5
1.83308E+1   9.78663E-5
1.83358E+1   9.73135E-5
1.83409E+1   9.66271E-5
1.83460E+1   9.43233E-5
1.83510E+1   9.20195E-5
1.83561E+1   8.97157E-5
1.83611E+1   8.80792E-5
1.83662E+1   8.66244E-5
1.83713E+1   8.51696E-5
1.83763E+1   8.37147E-5
1.83814E+1   8.22599E-5
1.83865E+1   8.08051E-5
1.83915E+1   7.95356E-5
1.83966E+1   7.89828E-5
1.84017E+1   7.84300E-5
1.84067E+1   7.78773E-5
1.84118E+1   7.65474E-5
1.84169E+1   7.51457E-5
1.84219E+1   7.37439E-5
1.84270E+1   7.23090E-5
1.84321E+1   7.08541E-5
1.84371E+1   6.93993E-5
1.84422E+1   6.82464E-5
1.84473E+1   6.76936E-5
1.84523E+1   6.71408E-5
1.84574E+1   6.65479E-5
1.84625E+1   6.50931E-5
1.84675E+1   6.36383E-5
1.84726E+1   6.21834E-5
1.84777E+1   6.14089E-5
1.84827E+1   6.08562E-5
1.84878E+1   6.03034E-5
1.84929E+1   6.01691E-5
1.84979E+1   6.05183E-5
1.85030E+1   6.08676E-5
1.85080E+1   6.07467E-5
1.85131E+1   5.83899E-5
1.85182E+1   5.60330E-5
1.85232E+1   5.36761E-5
1.85283E+1   5.37100E-5
1.85334E+1   5.40593E-5
1.85384E+1   5.44085E-5
1.85435E+1   5.36876E-5
1.85486E+1   5.22327E-5
1.85536E+1   5.07779E-5
1.85587E+1   4.93231E-5
1.85638E+1   4.78683E-5
1.85688E+1   4.64134E-5
1.85739E+1   4.49700E-5
1.85790E+1   4.44172E-5
1.85840E+1   4.38645E-5
1.85891E+1   4.33117E-5
1.85942E+1   4.21455E-5
1.85992E+1   4.07438E-5
1.86043E+1   3.93420E-5
1.86094E+1   3.86740E-5
1.86144E+1   3.89702E-5
1.86195E+1   3.92664E-5
1.86246E+1   3.93216E-5
1.86296E+1   3.79199E-5
1.86347E+1   3.65181E-5
1.86397E+1   3.51163E-5
1.86448E+1   3.51606E-5
1.86499E+1   3.54568E-5
1.86549E+1   3.57530E-5
1.86600E+1   3.55726E-5
1.86651E+1   3.50198E-5
1.86701E+1   3.44670E-5
1.86752E+1   3.41588E-5
1.86803E+1   3.45080E-5
1.86853E+1   3.48573E-5
1.86904E+1   3.52065E-5
1.86955E+1   3.46710E-5
1.87005E+1   3.41182E-5
1.87056E+1   3.35654E-5
1.87107E+1   3.30126E-5
1.87157E+1   3.24598E-5
1.87208E+1   3.19070E-5
1.87259E+1   3.17154E-5
1.87309E+1   3.20646E-5
1.87360E+1   3.24139E-5
1.87411E+1   3.26638E-5
1.87461E+1   3.21110E-5
1.87512E+1   3.15582E-5
1.87563E+1   3.10054E-5
1.87613E+1   3.19317E-5
1.87664E+1   3.31830E-5
1.87715E+1   3.44343E-5
1.87765E+1   3.37747E-5
1.87816E+1   3.14178E-5
1.87866E+1   2.90609E-5
1.87917E+1   2.75677E-5
1.87968E+1   2.88189E-5
1.88018E+1   3.00702E-5
1.88069E+1   3.13215E-5
1.88120E+1   3.08606E-5
1.88170E+1   3.03078E-5
1.88221E+1   2.97550E-5
1.88272E+1   2.80136E-5
1.88322E+1   2.56567E-5
1.88373E+1   2.32999E-5
1.88424E+1   2.19404E-5
1.88474E+1   2.22897E-5
1.88525E+1   2.26389E-5
1.88576E+1   2.29175E-5
1.88626E+1   2.23647E-5
1.88677E+1   2.18119E-5
1.88728E+1   2.12591E-5
1.88778E+1   2.20862E-5
1.88829E+1   2.32845E-5
1.88880E+1   2.44827E-5
1.88930E+1   2.43866E-5
1.88981E+1   2.29849E-5
1.89032E+1   2.15831E-5
1.89082E+1   2.05337E-5
1.89133E+1   2.08299E-5
1.89183E+1   2.11261E-5
1.89234E+1   2.14223E-5
1.89285E+1   2.01609E-5
1.89335E+1   1.87592E-5
1.89386E+1   1.73574E-5
1.89437E+1   1.64880E-5
1.89487E+1   1.59352E-5
1.89538E+1   1.53824E-5
1.89589E+1   1.51155E-5
1.89639E+1   1.54117E-5
1.89690E+1   1.57079E-5
1.89741E+1   1.59251E-5
1.89791E+1   1.45233E-5
1.89842E+1   1.31215E-5
1.89893E+1   1.17198E-5
1.89943E+1   1.16021E-5
1.89994E+1   1.18983E-5
1.90045E+1   1.21945E-5
1.90095E+1   1.20950E-5
1.90146E+1   1.15422E-5
1.90197E+1   1.09894E-5
1.90247E+1   1.05952E-5
1.90298E+1   1.09444E-5
1.90349E+1   1.12937E-5
1.90399E+1   1.16429E-5
1.90450E+1   1.11934E-5
1.90501E+1   1.06406E-5
1.90551E+1   1.00878E-5
1.90602E+1   9.53505E-6
1.90652E+1   8.98226E-6
1.90703E+1   8.42947E-6
1.90754E+1   7.60157E-6
1.90804E+1   6.14674E-6
1.90855E+1   4.69191E-6
1.90906E+1   3.27693E-6
1.90956E+1   4.52821E-6
1.91007E+1   5.77949E-6
1.91058E+1   7.03077E-6
1.91108E+1   6.32157E-6
1.91159E+1   4.86674E-6
1.91210E+1   3.41191E-6
1.91260E+1   3.13210E-6
1.91311E+1   4.38339E-6
1.91362E+1   5.63467E-6
1.91412E+1   6.62625E-6
1.91463E+1   6.07346E-6
1.91514E+1   5.52067E-6
1.91564E+1   4.96787E-6
1.91615E+1   5.13985E-6
1.91666E+1   5.43603E-6
1.91716E+1   5.73222E-6
1.91767E+1   5.55006E-6
1.91818E+1   4.99727E-6
1.91868E+1   4.44447E-6
1.91919E+1   4.13810E-6
1.91969E+1   4.48735E-6
1.92020E+1   4.83659E-6
1.92071E+1   5.18584E-6
1.92121E+1   3.76181E-6
1.92172E+1   2.30699E-6
1.92223E+1   8.52156E-7
1.92273E+1   6.46953E-7
1.92324E+1   9.96199E-7
1.92375E+1   1.34544E-6
1.92425E+1   1.36407E-6
1.92476E+1   8.91722E-7
1.92527E+1   4.19373E-7
1.92577E+1   0.00000E+0
1.92628E+1   0.00000E+0
1.92679E+1   0.00000E+0
1.92729E+1   0.00000E+0
1.92780E+1   5.07973E-7
1.92831E+1   1.12602E-6
1.92881E+1   1.74407E-6
1.92932E+1   2.21921E-6
1.92983E+1   2.56846E-6
1.93033E+1   2.91770E-6
1.93084E+1   3.04921E-6
1.93135E+1   2.49642E-6
1.93185E+1   1.94363E-6
1.93236E+1   1.39083E-6
1.93287E+1   9.69574E-7
1.93337E+1   5.55072E-7
1.93388E+1   1.40570E-7
1.93438E+1   1.04348E-7
1.93489E+1   2.62243E-7
1.93540E+1   4.20138E-7
1.93590E+1   0.00000E+0
